event	Eta	Phi	pT
176561	-1.47234	4.24551	5.08624
176561	-1.25449	4.27198	5.43078
176561	-1.43766	4.04391	4.69287e-05
176561	-1.42061	3.99535	3.98894
176561	-1.13565	3.7472	6.7962
176561	-1.35289	3.91722	1.48521
176561	-0.959462	3.97146	4.36607
176561	-1.17185	3.81856	2.2774e-05
176561	-1.28382	3.88847	1.69849
176561	-1.31839	4.01722	1.59393
176561	-1.1765	3.87074	4.04718e-05
176561	-1.15845	3.85559	8.28608
176561	-1.07502	3.90073	4.63978
176561	-1.21171	3.96376	7.91396e-05
176561	-1.24068	4.04025	5.31998e-05
176561	-1.1912	4.10566	1.56165
176561	-1.11508	4.09421	4.41706e-05
176561	-1.12694	4.09611	11.5012
176561	-1.10196	4.00974	3.4152
176561	-1.13412	4.01417	4.96446
176561	-1.16109	4.04519	6.35503e-05
176561	-1.16606	4.01371	0.000173149
176561	-1.16125	4.02541	16.1653
