event	Eta	Phi	pT
59660	-0.0684095	5.77564	2.52763
59660	-0.052882	5.789	3.00798e-05
59660	0.241338	5.58231	7.69677
59660	0.368615	5.72271	2.39252
59660	0.348883	5.72446	6.67508e-05
59660	0.377798	5.77011	2.74561e-05
59660	0.362697	5.82848	7.55805
59660	0.209049	5.70385	7.71212e-05
59660	0.335692	5.78852	1.40907
59660	0.292041	5.76838	7.89906
59660	0.316392	5.75457	1.47653
59660	0.20078	5.89083	7.08249
59660	0.209407	5.7638	5.7598e-05
59660	0.184535	5.81381	6.03304
59660	0.20602	5.81736	2.81752
59660	0.208896	5.82563	5.1412
59660	0.234535	5.85719	2.68663e-05
59660	0.256707	5.81561	4.86158
59660	0.248996	5.82366	6.42016
