event	Eta	Phi	pT
54940	1.72166	5.08089	1.26569
54940	1.55134	4.92057	1.38891
54940	2.04576	4.46776	0.634905
54940	2.02307	4.97831	3.73428e-05
54940	1.74617	4.4391	1.54876
54940	1.97703	4.50889	1.19706
54940	1.8502	4.69847	3.70176e-05
54940	1.84576	4.67211	4.8655e-05
54940	1.79038	4.60365	8.88031
54940	1.83237	4.62519	11.5074
54940	1.7453	4.74439	4.47927e-05
54940	1.71673	4.82516	2.24991e-05
54940	1.77035	4.74309	1.63629
54940	1.90427	4.75857	6.68753e-05
54940	1.83862	4.74179	0.000130035
54940	1.81108	4.87421	8.77215
54940	1.78964	4.82457	2.06941e-05
54940	1.81694	4.77599	7.73611e-05
54940	1.81956	4.82064	1.26369
54940	1.87737	4.80857	3.60624
54940	1.85159	4.82081	11.285
