event	Eta	Phi	pT
106514	0.769614	3.96891	3.35094e-05
106514	0.368087	4.23986	0.971057
106514	0.608926	4.02297	8.92503e-05
106514	0.500253	4.42745	2.9638
106514	0.440471	4.3459	2.27531e-05
106514	0.597167	4.44984	5.89133e-05
106514	0.761443	4.3977	2.9099
106514	0.523079	4.10897	2.5709e-05
106514	0.747329	4.13232	11.4512
106514	0.537296	4.40194	1.30314
106514	0.63361	4.40387	6.347
106514	0.504126	4.17227	2.79631
106514	0.541353	4.14282	1.83196
106514	0.698475	4.14273	1.56039
106514	0.610891	4.15101	2.40839
106514	0.645145	4.17576	3.37607
106514	0.580052	4.19314	4.03116
106514	0.548075	4.29562	1.78429
106514	0.712328	4.25436	8.77002e-05
106514	0.706066	4.23439	3.53241
106514	0.660557	4.19524	3.96259
106514	0.682763	4.21158	7.63108e-05
106514	0.619905	4.19587	4.52767
106514	0.594639	4.21147	2.91528
106514	0.674336	4.22483	2.59963e-05
106514	0.685971	4.25213	0.887104
106514	0.617809	4.22251	3.12194
106514	0.622817	4.24904	0.000131111
106514	0.607665	4.27125	9.68594
106514	0.61551	4.27881	8.03065e-05
106514	0.628963	4.27175	23.7266
106514	0.659854	4.28	0.000104809
106514	0.638104	4.29798	7.53941e-05
106514	0.641782	4.2982	27.6221
