event	Eta	Phi	pT
36641	-0.794492	2.62641	2.01367
36641	-0.780668	3.01536	6.6983e-05
36641	-0.781367	3.10523	5.15024
36641	-0.775077	3.05303	2.10258e-05
36641	-0.770259	3.07521	1.54969
36641	-0.738836	3.06575	13.7156
36641	-0.833521	3.00559	4.23206
36641	-0.81614	2.96964	8.98171e-05
36641	-0.861961	2.90831	1.96934
36641	-0.761674	2.97496	0.000100578
36641	-0.772242	2.96186	2.07694e-05
36641	-0.771749	2.96245	5.80361e-05
36641	-0.763456	2.95883	4.15401
36641	-0.804544	2.94296	7.75207e-05
36641	-0.830484	2.88972	5.5576
36641	-0.786152	2.91437	1.36951
36641	-0.744824	2.84081	14.7913
36641	-0.728434	2.88058	9.85853
