event	Eta	Phi	pT
73311	1.09813	4.9526	1.02813
73311	1.40202	5.0668	1.13375
73311	1.20659	5.00767	1.57839
73311	1.42037	5.45374	2.00716e-05
73311	1.04225	5.47988	9.21544
73311	1.15246	5.50595	2.05293
73311	1.16413	5.49861	2.7885
73311	0.959571	5.34645	4.99113e-05
73311	1.21106	5.41257	1.46083
73311	1.19722	5.3115	4.4362e-05
73311	1.19782	5.16192	0.000162746
73311	1.1488	5.22901	3.66932e-05
73311	1.13329	5.22513	31.8078
73311	1.3168	5.32549	2.43368e-05
73311	1.26501	5.35219	7.04267
73311	1.28231	5.3226	2.69334
