event	Eta	Phi	pT
191515	-2.10308	0.780817	3.33989
191515	-2.16794	1.07703	0.541594
191515	-1.81015	0.818072	3.64636
191515	-1.93879	0.812909	2.50457e-05
191515	-1.96688	0.879078	3.65895
191515	-1.99943	0.863672	3.88652
191515	-2.0161	0.880116	9.21446
191515	-2.05235	1.02626	1.77908
191515	-2.01704	1.10119	2.63247
191515	-2.0084	1.0794	4.34289
191515	-1.98719	1.09255	5.9132
191515	-1.85062	1.16593	6.1405
191515	-1.74755	0.946455	2.64089e-05
191515	-1.90323	1.12022	4.23827e-05
191515	-1.82951	1.11748	2.56886
191515	-1.80401	0.94599	3.16556e-05
191515	-1.93712	1.00272	4.29014e-05
191515	-1.91994	0.985801	8.50691e-05
191515	-1.90417	1.07404	9.52851e-05
191515	-1.82804	1.05665	3.86395
191515	-1.86333	1.02763	1.66102
191515	-1.85489	1.0118	17.3262
