event	Eta	Phi	pT
22308	-1.83781	4.27641	4.21613
22308	-2.09362	3.72436	2.22502e-05
22308	-1.73863	3.79404	8.02941e-05
22308	-1.67182	3.78658	0.936992
22308	-1.69979	3.79354	11.1707
22308	-1.69812	3.86005	1.00842
22308	-1.82642	3.79344	0.650964
22308	-1.89917	3.8117	6.8735
22308	-1.90433	4.13953	6.45744
22308	-2.04404	4.00631	2.21781
22308	-1.88714	4.10179	5.56095
22308	-1.86499	4.07648	6.69479e-05
22308	-1.86214	3.89784	0.60062
22308	-1.91888	3.92037	6.97325
22308	-1.8915	4.05333	2.25652e-05
22308	-1.89269	3.96554	14.5956
22308	-1.88231	4.00668	4.75064e-05
22308	-1.89451	4.01325	10.2907
