event	Eta	Phi	pT
57133	0.171849	1.46347	2.78183
57133	0.767534	1.66964	6.07697
57133	0.555572	1.60084	8.27339
57133	0.491616	1.54907	6.266
57133	0.612268	1.34398	7.75663e-05
57133	0.595923	1.44795	2.76431e-05
57133	0.745973	1.48617	3.20368e-05
57133	0.700873	1.34708	1.4493
57133	0.686137	1.42709	11.3055
57133	0.55174	1.48011	7.08589
57133	0.577093	1.29768	1.07138
57133	0.530313	1.16504	2.71783e-05
57133	0.551278	1.20811	15.2831
57133	0.423783	1.47341	0.00010055
57133	0.51263	1.41443	2.91209
57133	0.384552	1.25245	3.56516
57133	0.486626	1.34699	3.38248e-05
57133	0.472701	1.33044	4.85031e-05
57133	0.417944	1.35637	5.24414
57133	0.402172	1.34539	9.02636
