event	Eta	Phi	pT
194773	-0.79001	2.97757	2.37338e-05
194773	-1.00025	2.40997	3.68647
194773	-0.989184	2.44326	1.57521
194773	-0.963747	2.88374	7.8482e-05
194773	-1.0785	2.62856	1.29679
194773	-1.01119	2.60189	4.43496e-05
194773	-0.962944	2.57607	17.8197
194773	-1.05632	2.65739	6.74476
194773	-1.03141	2.81066	1.72995
194773	-0.883757	2.84894	3.06613
194773	-0.937816	2.63154	0.000122121
194773	-0.961949	2.65929	0.000101718
194773	-0.960025	2.66848	2.96663e-05
194773	-0.967539	2.71076	4.69588
194773	-0.952518	2.73644	2.53082
194773	-0.903802	2.70966	31.625
