event	Eta	Phi	pT
105092	-0.882199	5.4408	2.53055
105092	-0.799827	5.92977	3.78638
105092	-0.92042	5.93244	6.07386
105092	-0.797106	5.90939	0.895427
105092	-0.948366	5.51397	1.18642
105092	-0.858361	5.51602	0.895871
105092	-0.95715	5.5527	3.05433
105092	-1.00216	5.59465	4.11761
105092	-0.769846	5.64734	1.16276
105092	-0.900522	5.58691	4.89239e-05
105092	-0.991494	5.66453	4.44443
105092	-0.814612	5.8141	3.80112e-05
105092	-0.899461	5.80029	2.44029
105092	-0.905955	5.78271	6.26539e-05
105092	-0.912826	5.64581	1.06438
105092	-0.921115	5.6854	42.8568
105092	-0.846741	5.78418	7.1457e-05
105092	-0.879081	5.75128	11.5938
105092	-0.858772	5.7542	0.000731004
105092	-0.885458	5.74095	0.000421921
105092	-0.850997	5.74926	16.8654
105092	-0.859486	5.7122	92.7533
