event	Eta	Phi	pT
137368	1.09379	5.32278	9.20385
137368	1.26366	5.34409	4.16095
137368	1.14411	6.00784	4.42421
137368	1.11975	5.45389	4.5766e-05
137368	1.29379	5.55596	10.8546
137368	1.07075	5.57305	2.4146e-05
137368	1.10297	5.74387	8.97607e-05
137368	1.15594	5.66346	2.6885e-05
137368	1.10515	5.72998	5.89237e-05
137368	1.09256	5.71972	2.16993
137368	1.07025	5.68138	8.59342
137368	1.12758	5.66852	0.000130256
137368	1.10052	5.65617	12.6401
137368	1.11405	5.85142	4.97694
137368	1.07802	5.79675	7.29543
137368	1.20672	5.80066	5.48893
137368	1.14668	5.72235	7.61078e-05
137368	1.15914	5.69497	0.000185354
137368	1.16815	5.71333	1.66209
137368	1.22471	5.69613	2.56224e-05
137368	1.21375	5.73327	19.7667
