event	Eta	Phi	pT
54749	-1.40536	1.72844	1.18616
54749	-0.999415	1.85679	1.95973
54749	-1.13805	2.33073	5.27216
54749	-1.03061	2.05499	3.39757e-05
54749	-1.41518	2.21873	3.5396
54749	-1.38221	2.2348	2.30781
54749	-1.14937	2.21583	6.9992
54749	-1.2741	2.23075	1.29045
54749	-1.14356	2.14551	6.32859e-05
54749	-1.1127	2.05568	1.56113
54749	-1.39219	1.92456	2.8088e-05
54749	-1.34112	1.91389	4.45061
54749	-1.17889	2.12411	1.12908
54749	-1.22216	2.13313	4.3075
54749	-1.21093	2.1269	6.55428e-05
54749	-1.1821	2.07442	2.34813
54749	-1.3377	1.95103	3.17383e-05
54749	-1.28728	1.96898	13.149
54749	-1.31954	2.02835	7.30983e-05
54749	-1.24694	2.05394	1.79292
54749	-1.26165	2.06321	0.000101117
54749	-1.2857	2.04807	0.000258776
54749	-1.27625	2.04382	29.3171
