event	Eta	Phi	pT
50679	-0.917234	3.26056	1.95316
50679	-1.14531	3.76493	2.98145
50679	-1.19548	3.69692	1.47657
50679	-0.94614	3.32262	3.0216e-05
50679	-1.20688	3.61206	4.46599
50679	-1.11369	3.301	3.85282
50679	-1.14841	3.61226	3.70522e-05
50679	-1.01916	3.37559	2.51233e-05
50679	-1.15911	3.5819	4.10083e-05
50679	-1.1343	3.40575	2.87617
50679	-1.15517	3.44655	4.37189e-05
50679	-1.13803	3.43945	11.9809
50679	-1.16417	3.4897	1.02834
50679	-1.15757	3.47291	0.000120745
50679	-1.12608	3.46872	9.86669
50679	-1.13077	3.48908	5.99718
50679	-1.13533	3.49344	5.80021
