event	Eta	Phi	pT
71960	-0.854561	3.8715	3.78946e-05
71960	-0.811007	3.88178	2.03235
71960	-0.661381	4.10223	5.42888
71960	-0.8389	4.0543	3.18676e-05
71960	-0.920636	4.02094	14.902
71960	-0.800174	4.034	0.964759
71960	-0.818487	4.32813	2.24223
71960	-0.916805	4.27256	6.42646
71960	-0.800267	4.09328	3.78583e-05
71960	-0.83036	4.12266	6.26653e-05
71960	-0.806777	4.1935	2.89876
71960	-0.871791	4.15299	6.32711e-05
71960	-0.863022	4.18772	0.000141797
71960	-0.861541	4.17306	2.28932e-05
71960	-0.841017	4.17241	16.6887
