event	Eta	Phi	pT
121277	1.50526	1.6408	2.12291
121277	1.33524	1.42175	5.99697
121277	1.70608	1.55819	8.7514
121277	1.33072	1.2287	4.12144e-05
121277	1.4664	1.39359	6.69215
121277	1.49301	1.06176	2.51929e-05
121277	1.45079	1.17235	6.04699e-05
121277	1.54761	1.35424	3.4716e-05
121277	1.75804	1.18083	0.779428
121277	1.64642	1.32056	1.08204
121277	1.68906	1.29383	3.44163
121277	1.72959	1.23985	1.74133
121277	1.64467	1.27719	1.66569
121277	1.66696	1.23528	4.71394e-05
121277	1.66752	1.23364	1.80219
121277	1.6792	1.17438	6.99489
121277	1.54303	1.184	2.20103
121277	1.57722	1.22115	5.01228
121277	1.65102	1.21343	2.08352e-05
121277	1.65578	1.19153	1.60125
121277	1.55676	1.18467	3.66064e-05
121277	1.62584	1.2029	1.40749
121277	1.59544	1.11512	4.49326e-05
121277	1.57009	1.17365	2.39478
121277	1.58497	1.17662	1.98875
121277	1.58861	1.14907	1.43338
121277	1.62045	1.15626	8.73362
121277	1.85778	1.29356	2.8126
121277	1.87062	1.29937	0.998451
