event	Eta	Phi	pT
9307	1.46194	3.94302	1.14982
9307	1.08629	3.46979	0.905878
9307	1.16926	3.46824	1.52245
9307	1.25986	3.45019	1.65819
9307	1.31793	3.80845	3.37722
9307	1.27877	3.48943	4.93201e-05
9307	1.2782	3.73035	2.29826e-05
9307	1.24982	3.60569	6.82425
9307	1.31123	3.71251	3.90575e-05
9307	1.35135	3.52217	3.05035
9307	1.44843	3.59941	2.14692e-05
9307	1.33923	3.59248	10.1683
9307	1.37654	3.58675	3.70764e-05
9307	1.38571	3.60012	7.2116
9307	1.34178	3.63443	0.000184871
9307	1.37012	3.61069	1.72734
9307	1.38448	3.62948	13.7027
9307	1.37395	3.64018	30.9066
