event	Eta	Phi	pT
23119	1.3073	4.17316	1.9508
23119	1.28781	4.16843	7.22626
23119	1.59572	3.93958	2.09317
23119	1.16031	4.04302	2.28393
23119	1.32189	3.68856	2.46155
23119	1.43829	3.81342	1.32691
23119	1.3201	3.97824	2.66287e-05
23119	1.31574	3.9477	4.94771
23119	1.30578	3.94362	3.43144e-05
23119	1.30524	3.94363	3.19762e-05
23119	1.28884	3.92848	15.9156
23119	1.24712	3.87243	2.92357e-05
23119	1.24589	3.83778	3.94208
23119	1.25328	3.85136	6.95087
23119	1.39496	3.79704	2.17088
23119	1.29051	3.79208	8.0579
23119	1.33261	3.81116	13.7532
