event	Eta	Phi	pT
175514	-0.585186	3.12729	2.40984
175514	-0.169476	3.7179	1.5081
175514	-0.478956	3.11788	1.12389
175514	-0.193302	3.31298	1.65045
175514	-0.742599	3.50808	3.5276
175514	-0.693397	3.60582	4.71537
175514	-0.580153	3.31477	17.6905
175514	-0.2557	3.71879	1.04333
175514	-0.213821	3.55204	3.66712
175514	-0.611217	3.46805	3.89228e-05
175514	-0.581175	3.41743	6.26443e-05
175514	-0.513826	3.62783	4.18245
175514	-0.492319	3.50238	5.75125e-05
175514	-0.489708	3.46102	21.3591
175514	-0.381913	3.44672	0.000127139
175514	-0.448745	3.51295	0.000100155
175514	-0.382587	3.4789	2.32479
175514	-0.431124	3.53312	3.73636
175514	-0.380639	3.55878	2.47295
175514	-0.371246	3.55876	29.6482
