event	Eta	Phi	pT
20580	0.328986	4.45167	7.52631e-05
20580	0.440116	4.39194	0.984659
20580	0.394702	4.42963	2.7955
20580	0.434297	4.42433	0.000144624
20580	0.419893	4.45019	19.385
20580	0.0169402	4.69299	1.38295
20580	0.242446	4.92574	5.35959e-05
20580	0.199024	4.90434	2.33259
20580	0.324596	4.83389	12.3537
20580	0.262387	4.576	3.76493
20580	0.190878	4.8014	1.06291
20580	0.132755	4.6726	0.906923
20580	0.244575	4.77459	2.51294
20580	0.279869	4.67821	6.11131e-05
20580	0.220898	4.64814	2.42912
20580	0.219987	4.66778	3.92518
20580	0.231513	4.69864	9.36638
