event	Eta	Phi	pT
40005	-1.80131	5.97655	3.27669e-05
40005	-1.79785	5.9617	3.4877
40005	-2.47147	5.898	0.543626
40005	-2.45912	5.9494	8.5052
40005	-2.06193	6.15993	1.9516
40005	-2.16378	6.00155	0.784847
40005	-2.18351	6.08794	1.92409
40005	-2.21229	5.99039	0.793974
40005	-2.32324	6.04273	0.709561
40005	-2.25778	6.04998	19.9395
40005	-2.02307	6.03947	0.519573
40005	-2.28956	5.91936	8.63951
40005	-1.91322	5.93932	2.98168
40005	-2.18438	5.87787	0.704161
40005	-2.21772	5.81524	2.53126e-05
40005	-1.96935	5.86564	0.641034
40005	-1.94351	5.83715	4.94883e-05
40005	-2.18306	5.82005	6.00225e-05
40005	-2.16733	5.80883	7.11062
40005	-2.07213	5.65291	13.6917
40005	-2.03492	5.69373	1.18809
40005	-2.04292	5.71752	6.48162
40005	-2.02127	5.83198	1.21884
40005	-2.01606	5.76713	5.92024
40005	-2.06255	5.82623	7.6296e-05
40005	-2.06414	5.78584	0.00017166
40005	-2.06817	5.78803	14.0448
