event	Eta	Phi	pT
187498	-2.03346	5.59283	0.994898
187498	-1.98901	5.67323	0.679873
187498	-1.93855	5.64403	17.2633
187498	-1.89226	5.76583	6.04259e-05
187498	-1.90743	5.86508	2.96512
187498	-2.02558	6.03423	0.905161
187498	-2.04223	5.78731	0.000160211
187498	-2.10065	5.78526	6.33626
187498	-2.08613	5.83421	1.22399
187498	-2.09314	5.84049	0.000302094
187498	-2.27185	5.87021	5.57512
187498	-2.22665	6.02469	2.03969
187498	-2.09232	5.84196	0.000180783
187498	-2.20573	5.84981	6.85469e-05
187498	-2.16631	5.92814	29.2132
