event	Eta	Phi	pT
59568	-0.781095	3.88758	1.35818
59568	-0.654544	3.96598	2.07836
59568	-0.734477	3.99677	3.03072
59568	-0.854666	4.03035	8.6564
59568	-0.52907	4.17005	1.13551
59568	-0.818858	4.14741	5.90293e-05
59568	-0.782015	4.11629	11.1099
59568	-0.683674	4.13734	1.33258
59568	-0.906229	4.20517	3.71314e-05
59568	-0.889052	4.38787	9.21564
59568	-0.78394	4.20771	3.1374
59568	-0.722751	4.23662	0.000118783
59568	-0.736102	4.23789	2.74169e-05
59568	-0.778911	4.24427	6.50295
59568	-0.753181	4.27214	9.52256
59568	-0.764407	4.39367	8.74078
59568	-0.632921	4.26481	0.000110546
59568	-0.700936	4.29792	5.2474e-05
59568	-0.598777	4.36987	2.72051e-05
59568	-0.661035	4.36196	18.9745
