event	Eta	Phi	pT
193509	-1.16699	1.16432	2.66171
193509	-1.22907	0.438384	9.6775e-05
193509	-1.22375	0.460283	0.000131957
193509	-1.25773	0.549343	12.0586
193509	-1.20831	0.554673	4.1263
193509	-1.2294	0.573835	3.47164
193509	-1.15486	0.631196	3.43689
193509	-1.12716	1.02101	1.59973
193509	-1.1874	0.957602	5.78909e-05
193509	-1.18686	0.929609	26.0034
193509	-1.17057	0.786608	4.20179e-05
193509	-1.1899	0.805039	8.34472e-05
193509	-1.20806	0.84687	9.5347
193509	-1.2059	0.821473	0.000149283
193509	-1.26063	0.786958	10.9711
193509	-1.29972	0.847102	12.8438
193509	-1.24362	0.809246	2.35992
193509	-1.24726	0.832541	5.97373
193509	-1.27069	0.847295	6.42026
193509	-1.27765	0.835982	1.94509
193509	-1.26963	0.825033	9.86506
