event	Eta	Phi	pT
112686	-1.6729	0.684065	4.69876e-05
112686	-1.73177	0.673299	0.000178041
112686	-1.70684	0.652472	1.15174
112686	-1.72226	0.641042	3.8555
112686	-1.67794	0.635772	4.0915
112686	-1.67414	0.605867	1.79634
112686	-1.70586	0.586623	1.59762
112686	-1.68031	0.577441	8.03717
112686	-1.84696	0.982167	0.658424
112686	-1.89381	0.785578	0.993447
112686	-1.86921	0.757466	0.940454
112686	-1.80047	0.734674	5.1329e-05
112686	-1.73625	0.726781	3.72955e-05
112686	-1.80902	0.821675	5.66741
112686	-1.71694	0.76489	1.09513
112686	-1.68998	0.844319	23.1665
