event	Eta	Phi	pT
35324	-2.33831	4.04192	2.30579e-05
35324	-2.66774	4.61409	1.32283
35324	-2.10768	4.42376	1.24424
35324	-2.56511	4.53151	9.99065
35324	-2.2222	4.43057	1.56506
35324	-2.25097	4.39183	0.927386
35324	-2.27732	4.31132	2.79098e-05
35324	-2.46326	4.40396	5.75953
35324	-2.48108	4.3477	5.39094
35324	-2.48035	4.32307	0.000205622
35324	-2.47206	4.36795	6.15187e-05
35324	-2.38236	4.42178	2.70003e-05
35324	-2.47155	4.30978	2.66843e-05
35324	-2.46234	4.33082	6.55968
35324	-2.37484	4.334	32.1209
