event	Eta	Phi	pT
123262	-2.63998	0.947682	2.5021
123262	-2.44437	1.06502	2.08717e-05
123262	-2.38716	1.08289	1.996
123262	-2.09108	0.750619	1.64211
123262	-2.22284	0.970891	6.25339e-05
123262	-2.21906	0.974556	11.2339
123262	-2.16964	0.903391	1.87781
123262	-2.3459	0.984417	1.77937
123262	-2.32065	0.976355	3.53469
123262	-2.36507	0.956354	2.75388e-05
123262	-2.30786	0.903187	4.67886
123262	-2.25784	0.868217	5.99566e-05
123262	-2.3138	0.873686	3.37074e-05
123262	-2.31379	0.873132	3.0711e-05
123262	-2.24645	0.833852	2.1702e-05
123262	-2.34146	0.86124	2.8817e-05
123262	-2.32874	0.790935	9.14954e-05
123262	-2.29033	0.757553	1.22847
123262	-2.29957	0.749605	1.20782
123262	-2.29948	0.717862	7.92547
123262	-2.32607	0.7688	3.50956
123262	-2.34597	0.663522	0.604955
123262	-2.38966	0.715117	16.8943
