event	Eta	Phi	pT
184437	-0.848201	2.98778	7.48068
184437	-0.761661	2.3404	3.80373e-05
184437	-0.897087	2.85734	3.42615
184437	-0.716608	2.45425	1.08731
184437	-0.863965	2.43281	2.63299e-05
184437	-0.794474	2.79757	3.74118e-05
184437	-0.863713	2.76575	10.2165
184437	-0.794947	2.53199	13.8315
184437	-0.928564	2.60419	3.09105e-05
184437	-0.824698	2.68185	7.85481e-05
184437	-0.820168	2.67178	0.000273992
184437	-0.811608	2.65571	8.81836
184437	-0.807655	2.63684	3.63531
184437	-0.849296	2.6509	0.000101259
184437	-0.844274	2.63359	20.7959
