event	Eta	Phi	pT
144756	2.22601	3.38888	1.13998
144756	2.38862	3.4439	6.49092
144756	2.41631	3.80329	5.57973
144756	2.39865	3.76538	2.34427e-05
144756	2.30119	3.70121	3.21734
144756	2.33774	3.5323	2.14868e-05
144756	2.37381	3.52638	3.82694e-05
144756	2.35285	3.54457	6.78567
144756	2.39797	3.56293	0.000116417
144756	2.31773	3.61817	1.3884
144756	2.33466	3.63833	6.98664
144756	2.41832	3.58133	0.000271492
144756	2.3556	3.61699	5.47365e-05
144756	2.41109	3.59242	3.92234e-05
144756	2.40123	3.64274	47.3706
