event	Eta	Phi	pT
112239	-2.24745	0.663584	1.57491
112239	-2.15008	0.158712	2.06832
112239	-2.61221	0.355927	1.91355
112239	-2.47582	0.551321	1.16518
112239	-2.2429	0.422429	1.02761
112239	-2.29977	0.444819	5.7042
112239	-2.4398	0.421245	4.52538
112239	-2.32816	0.262977	1.17246
112239	-2.45883	0.318695	9.54544
112239	-2.3942	0.282916	5.15937
112239	-2.41405	0.384585	0.661733
112239	-2.38878	0.379731	3.76416e-05
112239	-2.37691	0.306628	0.000142311
112239	-2.36834	0.32436	9.98236e-05
112239	-2.37725	0.343238	29.8425
