event	Eta	Phi	pT
95430	-2.2595	5.52642	0.468035
95430	-1.97956	5.90017	12.4093
95430	-2.16383	5.89237	6.30411
95430	-2.01153	5.55423	3.38637e-05
95430	-2.01773	5.59757	10.9753
95430	-2.04221	5.82151	5.1081e-05
95430	-2.18297	5.68175	1.43959
95430	-2.18064	5.6877	0.815134
95430	-2.14774	5.74082	8.2066
95430	-2.12853	5.69902	2.16157
95430	-2.10718	5.71391	5.41551e-05
95430	-2.01379	5.69458	4.91654e-05
95430	-2.05339	5.76081	3.53411e-05
95430	-2.03854	5.7544	6.33854e-05
95430	-2.06713	5.69987	9.81915e-05
95430	-2.04796	5.7087	4.36767e-05
95430	-2.05569	5.71808	24.5842
