event	Eta	Phi	pT
92074	0.375498	6.02826	3.11293e-05
92074	0.325176	5.96246	1.19913
92074	0.297392	5.97525	13.4329
92074	0.32287	5.92517	2.51456e-05
92074	0.21847	6.02573	4.2266
92074	0.309159	5.91518	2.72177
92074	0.197149	5.74723	2.28992e-05
92074	0.103605	5.75207	2.77656
92074	0.254462	5.92221	4.63759e-05
92074	0.191659	5.76095	2.14526e-05
92074	0.0843116	5.79633	1.45463
92074	0.128058	5.94121	9.92261
92074	0.188688	5.77818	3.21043
92074	0.147428	5.77917	1.28591
92074	0.158898	5.92851	1.17564
92074	0.194398	5.88974	13.3419
92074	0.102515	5.87732	1.41533
92074	0.15265	5.86981	9.99218e-05
92074	0.145373	5.84164	14.6035
92074	0.119041	5.84975	8.58117
92074	0.130482	5.87114	3.11518
92074	0.125865	5.86887	0.000116645
92074	0.130924	5.86306	21.0921
92074	0.2029	5.84105	5.91537
92074	0.164293	5.85217	5.32667
92074	0.176462	5.84384	4.23522
92074	0.182932	5.85113	18.6433
