event	Eta	Phi	pT
5580	0.368692	5.39787	2.46029
5580	0.921045	5.71361	3.02702e-05
5580	0.228957	5.66774	2.30454e-05
5580	0.658351	5.45753	3.34609
5580	0.431013	5.89542	7.27253
5580	0.494935	5.90175	4.82796e-05
5580	0.702295	5.74671	7.56484
5580	0.418565	5.64004	2.54836e-05
5580	0.423706	5.71635	5.08623e-05
5580	0.67031	5.64157	2.09068
5580	0.627135	5.59514	2.47557e-05
5580	0.445537	5.6631	1.7105
5580	0.47238	5.72503	3.54447e-05
5580	0.642554	5.68246	2.8651
5580	0.534278	5.73696	0.000224564
5580	0.585993	5.72837	4.25782
5580	0.519787	5.72741	0.000175404
5580	0.518945	5.69347	14.5825
5580	0.533601	5.69383	0.000127421
5580	0.548934	5.66727	8.48836
5580	0.590138	5.68594	2.72444
5580	0.571279	5.70415	6.32558
5580	0.577918	5.69507	1.83632
5580	0.561787	5.68757	32.3412
