event	Eta	Phi	pT
70204	0.438122	5.54788	9.32219
70204	0.363664	5.30481	1.28921
70204	0.455762	5.11082	1.01963
70204	0.635722	5.06982	3.41095e-05
70204	0.50503	5.2784	1.88858
70204	0.508196	5.29381	2.86069e-05
70204	0.774263	5.2224	3.42073
70204	0.626372	5.28208	1.27036
70204	0.623424	5.31804	8.67356
70204	0.716044	5.44161	0.000113581
70204	0.685784	5.41662	1.25612
70204	0.772366	5.35627	0.98113
70204	0.663201	5.3669	2.67631
70204	0.712852	5.39721	3.95355e-05
70204	0.721043	5.38662	3.56111e-05
70204	0.733097	5.34246	6.53267
70204	0.712553	5.36123	9.59362
70204	0.702401	5.34165	11.268
