event	Eta	Phi	pT
32421	-1.86592	6.11517	1.00259
32421	-2.22623	0.0670071	1.20366
32421	-2.15241	0.4134	1.2565
32421	-1.75836	6.26475	1.88831
32421	-2.09569	0.314792	2.56812e-05
32421	-1.83011	0.0140879	2.03079
32421	-1.81556	0.0724163	0.760027
32421	-1.7827	0.0973348	1.19558
32421	-2.03375	0.189309	1.31865
32421	-1.96902	0.340454	0.996908
32421	-1.92897	0.137393	2.58882
32421	-1.99148	0.255887	2.15681
32421	-1.97041	0.278899	5.7065
32421	-1.88119	0.146321	3.1927
32421	-1.84176	0.152703	2.52508
32421	-1.87822	0.182278	1.50736
32421	-1.85745	0.190618	0.000148121
32421	-1.90875	0.267762	2.17594e-05
32421	-1.9026	0.278201	0.000120351
32421	-1.82045	0.220946	2.55624
32421	-1.84403	0.310716	7.33284e-05
32421	-1.83676	0.247275	3.85886
32421	-1.84831	0.266026	33.2212
