event	Eta	Phi	pT
176624	1.16496	4.06981	3.70646
176624	0.735776	3.66569	2.55699
176624	0.924504	3.62537	9.14195
176624	1.18634	3.94105	2.00463
176624	1.16269	3.70759	2.30467e-05
176624	1.12401	3.94956	4.54234
176624	1.13571	3.90674	2.63038
176624	0.905276	3.94316	2.37601e-05
176624	0.880706	3.72604	3.56928
176624	0.932582	3.89664	3.2082
176624	0.895905	3.82037	4.86501e-05
176624	0.913387	3.74759	6.51156e-05
176624	0.905296	3.80373	1.3578
176624	1.12068	3.7877	3.20519e-05
176624	1.016	3.86435	0.000165057
176624	0.994676	3.84045	3.20122e-05
176624	1.00081	3.84372	9.07792
176624	0.988528	3.80641	1.73722
176624	1.03469	3.78098	6.54469e-05
176624	1.02594	3.76814	13.4562
