event	Eta	Phi	pT
33669	1.85551	4.25383	5.37536
33669	2.10445	3.76781	1.91652
33669	1.85756	4.05543	3.51657e-05
33669	2.28129	3.95419	1.85581
33669	2.25554	3.97463	3.58054
33669	2.01425	3.99487	5.77344
33669	2.05465	3.98794	7.27487
33669	2.05266	4.00828	2.1859
33669	2.06613	4.00499	7.79012
33669	2.086	4.1073	2.55226e-05
33669	2.08535	4.09109	25.3169
33669	2.14378	4.04442	0.000109648
33669	2.1757	4.03294	0.000215019
33669	2.17409	4.03411	0.000259049
33669	2.15433	4.09472	0.000181475
33669	2.18064	4.0851	41.6664
