event	Eta	Phi	pT
183231	-0.498079	2.14686	16.4357
183231	-0.244383	2.10152	2.44697
183231	-0.699366	1.86603	2.73684e-05
183231	-0.590452	1.77323	11.9717
183231	-0.551534	1.97424	7.57913
183231	-0.550409	1.9345	6.8209e-05
183231	-0.513964	1.96517	4.60261e-05
183231	-0.447133	2.0109	6.03066e-05
183231	-0.395337	2.0236	6.18254e-05
183231	-0.528858	1.8986	7.199e-05
183231	-0.42005	1.96605	3.12893
183231	-0.404464	1.94679	7.16612
183231	-0.295186	1.92409	5.84767
183231	-0.390785	1.92942	8.4549e-05
183231	-0.287297	1.88495	5.42107e-05
183231	-0.40605	1.88848	0.000126241
183231	-0.359501	1.81572	32.8439
183231	-0.377492	1.84225	17.8096
