event	Eta	Phi	pT
72865	-0.00501037	3.77299	2.10084
72865	-0.155218	3.8014	4.72087
72865	-0.351839	3.90804	2.82152e-05
72865	-0.261086	3.84873	2.41075e-05
72865	-0.25334	3.92673	8.2151e-05
72865	-0.22098	3.90437	8.00185
72865	-0.324846	4.03155	3.5163e-05
72865	-0.320926	4.25419	6.28562
72865	-0.194306	4.37213	0.924138
72865	-0.251374	4.22717	6.01182
72865	-0.227597	4.04804	5.05802e-05
72865	-0.180259	4.24965	2.88401e-05
72865	-0.145719	4.28203	4.4212
72865	-0.104638	4.23585	8.5068e-05
72865	0.086537	4.14935	4.88095
72865	-0.0301023	4.23053	9.85486e-05
72865	-0.0399816	4.10716	20.0552
