event	Eta	Phi	pT
121949	-1.46812	6.12426	1.60495
121949	-1.50898	6.1667	1.41993
121949	-1.60093	6.17583	3.85957
121949	-1.45039	6.22606	4.38795
121949	-1.75594	0.059385	1.73147
121949	-1.76692	0.112529	0.916048
121949	-1.74898	0.240255	1.04684
121949	-1.39767	0.136649	3.52102e-05
121949	-1.60875	0.119352	5.02653
121949	-1.43714	0.235487	7.80911
121949	-1.59258	0.167315	2.70215e-05
121949	-1.4887	0.20334	3.89026
121949	-1.55997	0.179329	3.27749
121949	-1.52274	0.23064	0.000328402
121949	-1.53693	0.225217	2.69882
121949	-1.55273	0.235929	48.8564
