event	Eta	Phi	pT
114487	0.41385	0.764847	8.15784
114487	0.326997	0.665372	5.92925
114487	0.320907	0.693285	5.37053e-05
114487	0.41918	0.839029	7.26017e-05
114487	0.385945	0.850902	6.21839e-05
114487	0.250021	0.694219	1.27316
114487	0.167907	0.67353	7.00153
114487	0.381248	0.927799	6.03864
114487	0.277441	0.760799	3.24729
114487	0.34918	0.881044	2.48896
114487	0.300845	0.84801	3.82693
114487	0.318483	0.911583	3.04909e-05
114487	0.209807	0.774813	4.23593e-05
114487	0.322905	1.00329	2.27778e-05
114487	0.253145	0.821511	9.09554e-05
114487	0.308309	0.934348	1.19509
114487	0.271462	0.854239	3.19599e-05
114487	0.208561	0.784735	2.02372
114487	0.160873	0.783298	7.71052e-05
114487	0.250966	1.11758	4.58668
114487	0.235312	1.12533	0.888554
114487	0.224783	0.902675	16.09
114487	0.220429	1.14341	3.25668e-05
114487	0.207518	0.954974	6.07961e-05
114487	0.124547	1.04863	14.6784
114487	0.0526785	0.921328	6.42253
114487	0.0947488	1.01817	8.45883e-05
114487	-0.0807669	0.94738	23.0153
114487	-0.00592138	0.967871	0.000118679
114487	-0.0383512	1.08373	18.6737
114487	0.0211474	0.999009	6.88206e-05
114487	-0.0368951	0.99736	3.87497
114487	-0.0534498	1.03436	0.000209227
114487	-0.0401979	1.01529	0.000425433
114487	-0.0311573	1.02818	0.000211814
114487	-0.0141503	1.03786	40.1271
