event	Eta	Phi	pT
188594	-0.791178	1.31161	1.75578
188594	-0.646237	1.76304	2.93675e-05
188594	-0.824193	1.4952	9.86856
188594	-0.774531	1.68156	7.0191
188594	-0.80542	1.67981	7.72962e-05
188594	-0.803702	1.72002	2.9971
188594	-0.833283	1.69689	8.18081
188594	-0.834071	1.7122	8.45309
188594	-0.883321	1.61799	2.06083
188594	-0.876396	1.67008	2.00262
188594	-0.796793	1.65217	1.24721
188594	-0.816556	1.6674	6.70992
188594	-0.834903	1.61737	1.03489
188594	-0.829504	1.63488	1.40095
188594	-0.838334	1.62961	5.24723
188594	-0.844502	1.6354	13.1111
