event	Eta	Phi	pT
50712	1.33069	4.73242	2.11191e-05
50712	1.27753	4.7082	2.09164e-05
50712	1.44469	4.67985	2.10243e-05
50712	1.43577	4.61688	4.00131
50712	1.25096	4.64025	2.86202e-05
50712	1.39648	4.62089	0.951464
50712	1.30624	4.63321	2.7433
50712	1.20445	4.5519	11.8879
50712	1.16018	4.37997	2.62695
50712	1.41913	4.23861	2.94616e-05
50712	1.3856	4.5407	3.91084e-05
50712	1.43218	4.5083	3.22792
50712	1.25763	4.41964	1.24989
50712	1.36264	4.46489	9.62177e-05
50712	1.33475	4.46744	7.56317
50712	1.38841	4.38131	16.1215
50712	1.34286	4.41564	1.73363
50712	1.32696	4.38664	12.729
50712	1.30293	4.37488	1.30239
