event	Eta	Phi	pT
27027	2.05303	0.840078	2.7619
27027	2.0193	0.846992	3.32065
27027	2.1155	1.00469	3.30638e-05
27027	1.95487	0.846053	0.997527
27027	1.98821	1.16172	1.73422
27027	1.89054	1.18376	2.98781
27027	1.98237	1.01218	8.06524
27027	1.9528	1.00106	3.32867
27027	1.89696	0.955799	6.54027e-05
27027	1.82136	1.10254	7.86219e-05
27027	1.85687	1.06717	8.69703
27027	1.82	1.03259	8.24146
27027	1.85876	0.988006	6.39988e-05
27027	1.85557	1.03599	2.90762
27027	1.8549	1.01385	4.59076e-05
27027	1.85939	1.01544	13.2009
