event	Eta	Phi	pT
111474	1.58626	3.91164	1.46151
111474	1.82148	3.49926	3.80154
111474	2.12403	4.04843	3.60648
111474	2.14273	3.99619	2.23476
111474	1.72846	3.76029	5.0264
111474	1.76701	3.68769	2.94587e-05
111474	1.7399	3.81371	4.55703e-05
111474	2.10596	3.71168	1.18529
111474	1.9652	3.64227	5.88019e-05
111474	1.99969	3.6627	7.80988
111474	1.91573	3.67183	3.11402
111474	1.82811	3.75868	4.08174
111474	2.02802	3.73398	4.64641
111474	1.89285	3.74006	1.72547
111474	1.9378	3.77194	3.15756
111474	1.8024	3.95198	4.0537e-05
111474	1.87505	3.83319	3.57905
111474	1.87876	3.86577	6.50145e-05
111474	1.88219	3.92813	6.19388
111474	1.9329	3.85335	0.000116632
111474	1.91694	3.86961	2.88873e-05
111474	1.94252	3.95706	6.3271
111474	1.97213	3.91115	1.05092
111474	2.01858	3.94279	12.272
