event	Eta	Phi	pT
167845	-1.52842	2.11201	5.2738
167845	-1.62521	1.94251	2.80841
167845	-1.65561	2.44045	4.31733
167845	-2.04388	2.53952	0.624822
167845	-2.14829	2.43566	0.815364
167845	-1.9655	2.5053	1.61245
167845	-1.70876	2.39367	1.39649
167845	-1.6986	2.36023	1.08427
167845	-1.82223	2.44685	1.66307
167845	-1.84276	1.94702	5.14199
167845	-1.76694	2.02248	2.43152e-05
167845	-1.78676	2.05502	1.31735
167845	-1.92	1.98228	0.553914
167845	-1.86327	2.05071	3.15467
167845	-2.01326	2.39785	0.616689
167845	-1.90713	2.0901	2.4606
167845	-1.99368	2.35458	7.06157e-05
167845	-1.89598	2.2661	4.73019
167845	-1.91423	2.27067	0.964142
167845	-2.08449	2.33547	5.91024e-05
167845	-2.11892	2.19095	0.819377
167845	-2.05954	2.17799	10.8393
167845	-2.03007	2.2178	4.14508
