event	Eta	Phi	pT
173465	1.29984	2.38675	2.51303
173465	1.06726	2.11165	4.97789e-05
173465	1.08734	2.19029	2.69453
173465	1.1103	2.12463	2.41047e-05
173465	1.15963	2.00821	6.00731
173465	1.17185	2.1649	9.35968e-05
173465	1.17571	2.15367	2.53666e-05
173465	1.28497	2.21975	3.90455e-05
173465	1.3008	2.20456	5.35922
173465	1.36146	2.10497	1.84978
173465	1.33256	2.13087	4.10145
173465	1.31657	2.15403	7.22385
173465	1.30047	2.13165	9.66844
173465	1.22714	2.11706	1.76976
173465	1.28731	2.07225	5.382e-05
173465	1.25524	2.12267	1.98387
173465	1.28098	2.1046	5.4919
173465	1.24796	2.10235	0.00013009
173465	1.25917	2.09054	13.1563
