event	Eta	Phi	pT
107435	0.940512	5.7026	2.04946
107435	0.569889	5.82585	2.44235e-05
107435	0.599357	5.81119	4.02319
107435	0.846823	0.113842	3.59943
107435	0.533622	6.12005	2.86761
107435	0.833254	5.78362	7.2603
107435	0.743302	5.93211	3.51994e-05
107435	0.707208	6.16596	1.84802
107435	0.811345	6.21774	11.732
107435	0.716354	6.01011	2.64286
107435	0.753552	5.97465	3.31391
107435	0.794487	6.13558	5.68089
107435	0.83123	5.98652	3.41751e-05
107435	0.890027	6.01137	0.000108139
107435	0.840617	6.00266	4.37683e-05
107435	0.812301	6.01649	3.31176e-05
107435	0.857356	6.01119	3.02659
107435	0.892825	6.05925	9.9633e-05
107435	0.872498	6.08995	1.76764
107435	0.861368	6.09499	8.72964e-05
107435	0.830119	6.03418	3.80809e-05
107435	0.862226	6.04933	3.09523
107435	0.842797	6.05576	5.56604
107435	0.837963	6.07372	12.0114
107435	1.02401	6.0699	3.77536
107435	0.956499	6.08427	9.37076
107435	0.927052	6.06385	2.03716e-05
107435	0.941883	6.01107	19.5437
