event	Eta	Phi	pT
161494	-1.44597	4.64017	2.17209
161494	-1.44743	4.59922	3.59444
161494	-1.1313	4.47303	1.65514
161494	-1.19863	4.45881	5.23447
161494	-1.21489	4.40994	5.91257e-05
161494	-1.23307	4.31825	9.17947
161494	-1.34069	4.4698	3.34456
161494	-1.29371	4.41658	5.66816
161494	-1.29186	4.3194	3.04246
161494	-1.31209	4.30122	3.14807e-05
161494	-1.3306	4.35991	2.14878
161494	-1.33747	4.26408	3.64801
161494	-1.45574	4.24019	6.42924
161494	-1.43897	4.40886	2.75631
161494	-1.38933	4.38865	4.18811e-05
161494	-1.42577	4.4006	3.88301e-05
161494	-1.45437	4.37585	3.82544
161494	-1.39513	4.34995	2.0713e-05
161494	-1.43507	4.31865	14.004
