event	Eta	Phi	pT
160280	0.389915	5.94921	5.32625
160280	0.211529	6.20702	1.39442
160280	0.313057	6.15676	1.3307
160280	0.24114	6.2269	5.11653e-05
160280	0.418957	6.23554	6.39589
160280	0.415121	0.00445073	2.59494e-05
160280	0.388034	0.00652116	6.72432e-05
160280	0.399602	0.00639474	17.2611
160280	0.168049	0.0525162	5.18507e-05
160280	0.362466	0.143721	5.79887
160280	0.343708	0.0405522	9.41456e-05
160280	0.357642	0.0895693	9.84706e-05
160280	0.327035	0.071305	0.000104479
160280	0.279744	0.0901805	4.00504e-05
160280	0.277337	0.0909291	26.8831
