event	Eta	Phi	pT
61543	-1.21303	4.88411	0.000143079
61543	-1.27815	4.87777	9.58065
61543	-1.5455	4.97767	2.57208
61543	-1.22043	4.9307	0.00012069
61543	-1.20309	4.97231	9.9985
61543	-1.32151	5.54135	4.28688
61543	-1.203	5.46207	4.70245
61543	-1.29058	5.441	5.09707e-05
61543	-1.20951	5.24681	2.36525
61543	-1.22888	5.26807	2.64844
61543	-1.30613	5.17877	14.0347
61543	-1.28229	5.1563	5.93897
61543	-1.2921	5.36086	5.39605e-05
61543	-1.38114	5.37674	4.97829e-05
61543	-1.28573	5.25387	4.24877e-05
61543	-1.29502	5.31137	4.9446e-05
61543	-1.3138	5.28864	3.1793
61543	-1.38171	5.24512	0.00013539
61543	-1.37856	5.26869	22.9302
61543	-1.26654	5.49603	1.63946
61543	-1.28908	5.48698	4.9329
