event	Eta	Phi	pT
160852	0.27033	3.79051	6.31477
160852	0.484796	3.61994	1.74526
160852	0.308754	3.67646	6.18459e-05
160852	0.402471	3.52289	5.00581e-05
160852	0.433449	3.57111	2.35944e-05
160852	0.391909	3.63799	4.91762
160852	0.364463	3.59351	2.01423
160852	0.366887	3.60733	13.7118
160852	0.198906	3.40944	5.9563
160852	0.318781	3.53084	0.864661
160852	0.304042	3.51294	1.7644
160852	0.255955	3.60224	0.000191879
160852	0.222554	3.57979	4.31536e-05
160852	0.231225	3.51239	2.03274
160852	0.237932	3.54573	28.4992
