event	Eta	Phi	pT
52926	1.70756	3.59022	6.42518
52926	1.41679	2.99844	4.87044
52926	1.32162	3.0476	12.0181
52926	1.56494	3.58084	3.08582
52926	1.32421	3.11295	3.62485e-05
52926	1.45945	3.1278	5.59598e-05
52926	1.47612	3.51315	1.64886
52926	1.35855	3.18846	4.09676e-05
52926	1.33867	3.30802	3.04482
52926	1.34557	3.33331	4.31448
52926	1.3643	3.29263	6.90815e-05
52926	1.41661	3.4026	3.78111
52926	1.39698	3.3349	2.10788
52926	1.40831	3.34707	0.000255052
52926	1.42074	3.3584	10.7821
52926	1.43062	3.30138	2.12357e-05
52926	1.47485	3.36284	0.000190096
52926	1.44125	3.34961	0.00018584
52926	1.46869	3.32502	71.8916
