event	Eta	Phi	pT
49754	-1.74466	1.03311	5.60678e-05
49754	-1.48737	1.00302	6.65659
49754	-1.82325	0.902812	4.25948
49754	-1.60918	1.0021	6.42797e-05
49754	-1.86259	0.849904	1.09873
49754	-1.34727	0.772875	1.83679
49754	-1.31857	0.608782	10.4022
49754	-1.67742	0.389517	1.207
49754	-1.48031	0.768759	1.27134
49754	-1.72882	0.779264	2.36462
49754	-1.7703	0.536125	3.45595e-05
49754	-1.49707	0.683519	2.05449e-05
49754	-1.64738	0.61389	6.81443e-05
49754	-1.6998	0.632331	8.68066
49754	-1.63256	0.630909	1.25578
49754	-1.61011	0.690068	10.956
49754	-1.64553	0.601357	1.31497
49754	-1.56465	0.606533	6.50497
49754	-1.59151	0.577846	1.44059
49754	-1.60972	0.537672	3.50396
49754	-1.59124	0.52897	5.98588
