event	Eta	Phi	pT
103538	-1.29347	3.13964	2.31571e-05
103538	-1.13121	3.1034	3.36394
103538	-0.808527	3.68292	2.53545
103538	-0.778843	3.40742	2.04766e-05
103538	-1.2071	3.63871	3.42094
103538	-1.23221	3.55008	1.54835
103538	-0.953375	3.26834	2.0955e-05
103538	-1.23477	3.35634	3.66184e-05
103538	-1.16412	3.36506	6.35758
103538	-1.15957	3.50925	5.55399e-05
103538	-1.15908	3.50227	5.20729e-05
103538	-1.12022	3.53933	3.30011
103538	-1.12717	3.46796	0.000111732
103538	-1.09935	3.47593	1.08234
103538	-1.10665	3.51255	0.000149123
103538	-1.08388	3.50058	1.93468
103538	-1.09936	3.49591	17.6316
103538	-1.13908	3.446	1.18964
103538	-1.14241	3.42995	2.10629e-05
103538	-1.11359	3.4176	18.814
103538	-1.0599	3.35251	2.14991
103538	-0.915679	3.37156	0.945464
103538	-1.04307	3.49077	0.000118678
103538	-1.02748	3.48551	1.8603
103538	-1.02716	3.37555	1.75382
103538	-1.05219	3.43219	0.000110417
103538	-0.983678	3.48245	3.3588
103538	-1.01951	3.43654	5.55832
103538	-0.980657	3.37714	0.000103844
103538	-0.97564	3.42102	26.7254
