event	Eta	Phi	pT
136400	-0.144706	3.60061	8.20638
136400	-0.373592	4.25937	5.19673
136400	-0.425657	3.7555	4.21314e-05
136400	-0.0575768	3.8609	0.961808
136400	-0.370613	3.81767	2.5931
136400	-0.334571	3.82003	6.27822
136400	-0.29277	3.80749	4.69047e-05
136400	-0.170804	3.83765	3.90954e-05
136400	-0.148386	3.87462	7.04805
136400	-0.127969	4.00876	2.95216
136400	-0.166423	3.92051	0.936066
136400	-0.224731	3.89091	7.0465e-05
136400	-0.230682	3.89929	1.33199
136400	-0.252236	3.89103	0.000127727
136400	-0.210709	3.93887	5.92919
136400	-0.281354	3.90962	6.3846e-05
136400	-0.241004	3.98613	3.09514
136400	-0.255321	3.97849	18.7101
136400	-0.293721	3.94175	1.29939
136400	-0.334898	3.93996	0.000111622
136400	-0.319352	3.99565	26.2574
