event	Eta	Phi	pT
163672	1.48629	3.70982	1.05745
163672	1.27153	4.15102	2.33415
163672	0.940827	4.06702	3.96979
163672	1.15384	3.52683	5.65045
163672	1.36392	3.74379	1.05219
163672	1.20469	4.01247	8.49651
163672	1.28584	3.69064	4.43466
163672	0.935635	3.88593	3.57599e-05
163672	0.957121	3.71093	1.15969
163672	1.22572	3.89902	3.05634
163672	1.24647	3.78536	1.41025
163672	1.17238	3.88261	9.87557e-05
163672	1.09978	3.86002	0.000100917
163672	1.07141	3.84753	0.000156927
163672	1.09112	3.8059	24.4355
