event	Eta	Phi	pT
26210	-0.582285	3.50122	1.02325
26210	-0.921113	3.5939	6.19902
26210	-0.564503	3.37659	1.30571
26210	-0.738241	3.56825	1.82826
26210	-0.582002	3.29373	2.67354e-05
26210	-0.834136	3.09328	1.32654
26210	-0.907832	3.13077	2.43261
26210	-0.71543	3.2284	3.93997
26210	-0.70583	3.33356	6.12968e-05
26210	-0.725589	3.34924	3.83808e-05
26210	-0.759779	3.35535	2.43571
26210	-0.767631	3.41229	11.0197
26210	-0.785301	3.2386	0.918713
26210	-0.84058	3.2303	5.58321e-05
26210	-0.864643	3.23144	4.69867
26210	-0.900368	3.39527	3.63562e-05
26210	-0.898807	3.40765	3.23611
26210	-0.919947	3.33371	2.00395
26210	-0.864667	3.35987	2.10731e-05
26210	-0.864157	3.32416	10.558
