event	Eta	Phi	pT
141341	0.739928	1.28512	4.78047
141341	0.860758	1.70359	7.05756
141341	0.746355	1.37585	4.62408e-05
141341	0.738057	1.38724	6.43224
141341	0.853459	1.38301	7.45823
141341	0.774287	1.41282	18.8565
141341	0.730422	1.44091	7.16838e-05
141341	0.708215	1.61634	1.39631
141341	0.698082	1.50366	2.71377e-05
141341	0.875106	1.48734	1.96349
141341	0.749497	1.5013	4.79724
141341	0.757171	1.49324	0.000166486
141341	0.779517	1.48586	0.000116188
141341	0.806651	1.49633	0.912452
141341	0.762153	1.56329	3.84821e-05
141341	0.775923	1.53801	15.9341
141341	0.799339	1.58306	10.8672
141341	0.826298	1.58213	6.84931
141341	0.828338	1.49489	5.65606e-05
141341	0.815206	1.50287	0.000204345
141341	0.857808	1.50751	4.86475e-05
141341	0.84349	1.5377	26.214
