event	Eta	Phi	pT
164578	-2.36214	2.30648	1.29692
164578	-2.49112	2.61951	4.04681
164578	-1.87423	2.81581	1.93113
164578	-2.10064	2.90743	0.807325
164578	-2.19008	2.69849	2.21169
164578	-2.14994	2.70978	0.000169972
164578	-2.09556	2.77761	29.2337
164578	-2.37067	2.58091	4.31354e-05
164578	-2.36826	2.47427	2.09885e-05
164578	-2.35713	2.60837	2.95427
164578	-2.32644	2.48641	1.28793
164578	-2.24484	2.40143	1.94489
164578	-2.13202	2.37175	2.0978
164578	-2.23169	2.43236	3.53519
164578	-2.19608	2.41267	0.812302
164578	-2.23202	2.47003	3.31524e-05
164578	-2.22245	2.6491	0.549674
164578	-2.21351	2.52625	2.12865
164578	-2.082	2.46198	0.528647
164578	-2.17	2.56927	1.42983
164578	-2.15482	2.60331	0.000182459
164578	-2.1042	2.56062	26.8031
