event	Eta	Phi	pT
137878	2.36423	0.623076	1.14615
137878	1.75914	0.347878	2.13678e-05
137878	2.06378	0.362709	4.0197
137878	1.8006	0.554156	1.67632
137878	2.15587	0.651155	4.88839e-05
137878	2.14788	0.600195	7.28422e-05
137878	1.93231	0.530526	3.81246e-05
137878	1.98003	0.467308	1.4876
137878	2.02303	0.47697	1.76077
137878	2.03351	0.519495	7.56498
137878	2.07361	0.557536	9.96241
137878	2.10538	0.741013	1.35918
137878	2.0362	0.821288	2.45733e-05
137878	1.99846	0.831056	3.19174
137878	1.85081	0.6356	4.31013
137878	1.97531	0.600183	8.81407e-05
137878	1.99198	0.659879	2.34423e-05
137878	1.97067	0.693633	19.1579
