event	Eta	Phi	pT
170756	-1.44953	3.32587	1.50322
170756	-1.52761	3.5219	1.30128
170756	-1.40629	3.51451	6.53308
170756	-1.61209	3.68293	2.98047
170756	-1.43324	3.90948	2.28038e-05
170756	-1.31976	3.84705	1.58261
170756	-1.5469	3.8411	5.51592
170756	-1.35865	3.82334	3.10554
170756	-1.30701	3.72431	3.65993
170756	-1.40658	3.6027	1.09208
170756	-1.34469	3.72715	2.73556
170756	-1.45927	3.62753	2.89703e-05
170756	-1.39919	3.67036	5.98714e-05
170756	-1.39745	3.6764	0.000121586
170756	-1.48753	3.67234	3.95365e-05
170756	-1.43405	3.68712	4.8472
170756	-1.48853	3.72061	3.59636e-05
170756	-1.45707	3.707	7.56139
170756	-1.46146	3.71166	22.7881
