event	Eta	Phi	pT
75658	-0.871518	4.68913	5.06048
75658	-0.711151	4.66197	2.06201
75658	-0.883015	4.59503	2.76538
75658	-0.66995	4.09996	2.4045
75658	-0.653536	4.35702	2.08951e-05
75658	-0.92366	4.13476	3.43603
75658	-0.711112	4.41261	3.91313
75658	-0.747396	4.25645	1.05024
75658	-0.747512	4.28237	6.02566e-05
75658	-0.803152	4.35167	27.6914
75658	-0.833993	4.20384	1.3124
75658	-0.880776	4.37259	6.32228e-05
75658	-0.945434	4.33846	2.62476
75658	-0.847655	4.29475	0.000244562
75658	-0.907973	4.31882	5.3738
75658	-0.881118	4.30086	0.000114049
75658	-0.931268	4.26773	3.07442e-05
75658	-0.905919	4.26985	6.89417e-05
75658	-0.908429	4.27384	25.1994
