event	Eta	Phi	pT
6986	0.836705	4.41456	2.14089e-05
6986	0.826663	4.85446	2.27209
6986	0.333219	4.40106	1.00415
6986	0.475438	4.40093	0.956706
6986	0.526444	4.88505	2.94172
6986	0.470302	4.4187	1.24914
6986	0.681251	4.59095	2.47286e-05
6986	0.68226	4.5681	10.4137
6986	0.670452	4.69999	8.69042e-05
6986	0.481863	4.7453	0.99469
6986	0.533718	4.71111	22.8719
6986	0.518572	4.61101	0.000188306
6986	0.474407	4.62245	23.6727
6986	0.563653	4.60093	0.000231047
6986	0.556909	4.60806	3.51714e-05
6986	0.576539	4.61235	5.89431
6986	0.574504	4.62816	5.30095
