event	Eta	Phi	pT
100845	-2.02688	2.53176	2.66972
100845	-1.76849	2.54058	3.6027
100845	-1.59987	2.02264	4.03353
100845	-1.87147	2.45974	2.71091
100845	-2.13293	2.26923	0.5625
100845	-1.92142	2.04264	3.66095
100845	-1.74993	2.11376	4.9106e-05
100845	-1.77429	2.11103	5.49466
100845	-1.85277	2.08437	7.49446e-05
100845	-1.87671	2.28668	0.000135796
100845	-1.7777	2.24432	3.38814
100845	-1.76965	2.22112	2.39372e-05
100845	-1.80994	2.22303	2.97805
100845	-1.79665	2.2188	6.17767
100845	-1.98574	2.31001	3.62116e-05
100845	-1.99459	2.30838	1.24246
100845	-2.0205	2.27337	3.47415
100845	-1.97504	2.27932	1.55201
100845	-1.92545	2.17972	12.5706
