event	Eta	Phi	pT
105670	1.68198	0.925858	1.28091
105670	1.99327	0.948185	6.12949e-05
105670	1.99811	0.962456	6.60221
105670	1.88412	0.903032	0.000156659
105670	1.90959	0.881662	18.4716
105670	2.18547	0.717041	0.819036
105670	2.1815	0.643885	0.709871
105670	1.97136	0.82024	1.02865
105670	1.92162	0.817359	3.8597
105670	1.71002	0.736713	3.59697e-05
105670	1.96129	0.244311	1.07114
105670	1.85743	0.682156	21.0968
105670	1.77468	0.474445	12.5294
105670	1.95239	0.417013	9.39192
105670	1.87436	0.446816	2.78078
105670	1.88096	0.437367	19.7234
105670	1.89928	0.489313	7.57867e-05
105670	1.93122	0.509269	34.6054
105670	1.94047	0.509991	1.2718
