event	Eta	Phi	pT
118473	0.0496275	2.8394	3.35542
118473	-0.12002	2.31529	2.17727e-05
118473	-0.334487	2.9224	2.01724e-05
118473	0.0284545	2.54108	2.44757e-05
118473	-0.470892	2.44967	2.14922
118473	-0.128865	2.39731	2.67298
118473	-0.0102734	2.56279	2.68959
118473	-0.307137	2.39276	4.22535
118473	-0.100947	2.5293	1.80622
118473	-0.194398	2.46574	2.85065e-05
118473	-0.0845487	2.60283	2.70915
118473	-0.17249	2.49467	3.26502
118473	-0.460299	2.73185	3.01997e-05
118473	-0.22831	2.52359	1.02759
118473	-0.365802	2.53703	4.00297e-05
118473	-0.292874	2.54732	4.49162e-05
118473	-0.259399	2.56629	2.05499e-05
118473	-0.153408	2.59998	4.60577e-05
118473	-0.196123	2.72553	7.85111e-05
118473	-0.232018	2.63143	1.24432
118473	-0.207811	2.6797	2.62501e-05
118473	-0.199058	2.65752	14.023
118473	-0.317764	2.56857	3.34704e-05
118473	-0.284089	2.59163	5.10406
118473	-0.338936	2.61494	2.70555
118473	-0.326868	2.61551	1.86164
118473	-0.304863	2.65499	2.15377
118473	-0.432318	2.73896	2.70006e-05
118473	-0.301554	2.7436	4.90454e-05
118473	-0.300319	2.72944	2.29108
118473	-0.36217	2.69174	1.11033
118473	-0.355083	2.74584	8.99968
118473	-0.347388	2.71041	3.80179
