event	Eta	Phi	pT
15378	-0.710849	3.47801	3.20069
15378	-0.637066	2.98015	1.54531
15378	-0.583067	3.1364	3.07434e-05
15378	-0.579607	3.13391	0.89992
15378	-0.669197	3.05245	2.73094
15378	-0.695066	3.07714	3.99535
15378	-0.776937	3.06832	10.3877
15378	-0.682093	3.33672	1.15253
15378	-0.667742	3.31587	2.14138
15378	-0.709941	3.26858	1.71764
15378	-0.666961	3.2465	9.11435
15378	-0.812397	3.14706	7.72664
15378	-0.717539	3.23365	7.23736e-05
15378	-0.863335	3.23658	0.000116502
15378	-0.757905	3.26947	3.60355e-05
15378	-0.769094	3.21096	0.961201
15378	-0.786812	3.21825	3.42007
15378	-0.831008	3.24223	1.75611
15378	-0.800235	3.2595	6.32168
15378	-0.799064	3.24055	3.71831
