event	Eta	Phi	pT
164210	-1.20347	0.431273	0.000116811
164210	-1.22115	0.390241	1.23982
164210	-1.16948	0.110893	1.1678
164210	-1.03958	0.0802506	12.1393
164210	-1.1338	0.18561	2.09375e-05
164210	-0.954866	0.112218	4.56321
164210	-0.931124	0.280499	5.92316e-05
164210	-0.880199	0.337817	30.7534
164210	-0.979196	0.168216	2.32145e-05
164210	-0.974758	0.205026	6.98608e-05
164210	-0.938478	0.264421	0.000137902
164210	-0.955036	0.241908	0.000133883
164210	-1.05084	0.214315	0.995585
164210	-1.02556	0.209618	5.94742e-05
164210	-0.99866	0.220813	0.000109897
164210	-1.04336	0.277506	8.77662e-05
164210	-1.03058	0.293833	13.3032
164210	-1.01573	0.244061	1.74736
164210	-1.00317	0.275937	3.38199
164210	-1.01627	0.260397	3.20495e-05
164210	-1.0047	0.260661	8.69667
