event	Eta	Phi	pT
90752	0.0552684	5.76519	3.29541
90752	-0.0913709	5.631	2.27194e-05
90752	0.145651	5.66351	2.62914
90752	0.134104	5.18024	8.06069
90752	-0.00384713	5.25939	2.76404e-05
90752	0.00860836	5.25516	4.88744e-05
90752	0.159247	5.20909	4.02189e-05
90752	0.142671	5.22195	3.855e-05
90752	0.0379344	5.47088	5.67989
90752	0.139853	5.2451	9.33808e-05
90752	0.138076	5.25737	5.37951
90752	0.085519	5.4607	2.58713e-05
90752	0.087162	5.44803	1.49868
90752	0.225656	5.38357	9.27489
90752	0.110275	5.37509	2.56353
90752	0.131436	5.44115	6.31755
90752	0.198774	5.39554	9.86794e-05
90752	0.161693	5.41843	2.50459
90752	0.144563	5.39627	0.959231
90752	0.169536	5.39126	17.9335
