event	Eta	Phi	pT
91743	-0.590538	0.474277	2.13779e-05
91743	-0.771081	0.316813	2.43396e-05
91743	-0.419552	0.19951	1.82049
91743	-0.57365	6.20061	5.78364e-05
91743	-0.574874	0.285708	4.74556
91743	-0.713766	0.259485	1.05267
91743	-0.627187	0.251992	8.5157e-05
91743	-0.529124	0.209382	5.86591e-05
91743	-0.661938	0.162039	0.000119293
91743	-0.594016	0.185438	7.60999
91743	-0.529118	0.152716	7.94921e-05
91743	-0.599573	0.0864684	0.000245888
91743	-0.580015	0.109716	40.2512
91743	-0.671171	0.0251708	2.95922
91743	-0.660867	0.143969	4.88894e-05
91743	-0.645375	0.11028	0.000198474
91743	-0.65388	0.116219	0.913741
91743	-0.668938	0.0882307	32.2587
