event	Eta	Phi	pT
194029	0.133174	5.84707	3.47109e-05
194029	0.296935	5.89169	7.22132
194029	0.11137	6.28246	2.9857e-05
194029	0.127674	6.03637	3.88956
194029	0.216345	6.27877	5.02393e-05
194029	0.334851	6.27525	10.3204
194029	0.217126	6.20186	7.80473
194029	0.360771	6.22771	3.16469e-05
194029	0.261733	6.21157	4.14758
194029	0.252526	6.1668	7.27812
194029	0.368703	6.16452	9.31348
194029	0.321221	6.17461	0.000132613
194029	0.284364	6.16384	0.000157241
194029	0.341302	6.15837	0.000123624
194029	0.363749	6.1156	0.000133236
194029	0.319294	6.10963	16.5251
194029	0.302387	6.09699	3.81837e-05
194029	0.314034	6.08079	25.0116
