event	Eta	Phi	pT
104678	-0.408415	4.97231	3.62631
104678	-0.22838	4.52697	4.98514e-05
104678	-0.223979	4.67278	2.80651
104678	-0.562413	4.78523	9.35971e-05
104678	-0.646966	4.74797	2.36852e-05
104678	-0.606932	4.75509	15.6659
104678	-0.384847	4.43106	0.941469
104678	-0.408901	4.42197	2.16868
104678	-0.298037	4.60041	1.06486
104678	-0.473497	4.42394	2.83481e-05
104678	-0.440919	4.43897	5.13059
104678	-0.369661	4.47787	3.68325e-05
104678	-0.372994	4.50775	3.87799e-05
104678	-0.46005	4.48302	7.77201
104678	-0.611616	4.59166	4.3885
104678	-0.418959	4.73794	4.11585e-05
104678	-0.575919	4.59663	2.2438e-05
104678	-0.537578	4.56105	5.92474
104678	-0.445917	4.54635	5.29895e-05
104678	-0.472946	4.70576	2.49685
104678	-0.500285	4.69433	2.87741
104678	-0.40359	4.65579	4.65992
104678	-0.404853	4.65339	2.09842
104678	-0.407947	4.63614	2.95785e-05
104678	-0.486302	4.65099	6.854
104678	-0.45356	4.58583	8.07671e-05
104678	-0.452628	4.58666	0.000241593
104678	-0.469846	4.61644	29.0943
