event	Eta	Phi	pT
73571	-1.1958	4.20753	1.6735
73571	-1.14776	4.07692	7.62632
73571	-0.998167	3.70835	3.13257
73571	-0.987392	3.83748	3.01713e-05
73571	-1.09792	3.95428	13.0038
73571	-1.16509	3.74369	4.70153
73571	-1.17067	3.89286	6.21897e-05
73571	-1.16609	3.87721	6.12816
73571	-1.05874	3.88422	1.53161
73571	-1.1612	3.80745	6.47699e-05
73571	-1.06184	3.80232	0.000215107
73571	-1.06951	3.82739	5.29867
73571	-1.11415	3.86072	0.000104045
73571	-1.13354	3.84582	2.04638
73571	-1.10954	3.81796	12.8023
