event	Eta	Phi	pT
136704	-2.43791	3.47125	3.89607e-05
136704	-2.09833	3.54767	2.51963
136704	-2.30381	3.46272	3.02463e-05
136704	-2.08196	3.47802	2.9604
136704	-2.26776	3.17797	9.02123
136704	-1.97422	3.21626	1.51587
136704	-2.0356	3.28819	1.28155
136704	-2.05109	3.23987	23.3225
136704	-2.08742	3.40283	3.39967e-05
136704	-2.0835	3.34585	7.66179e-05
136704	-2.18481	3.37383	11.8281
136704	-2.15474	3.26729	3.43944e-05
136704	-2.1627	3.27492	0.000103037
136704	-2.19649	3.32838	0.000120176
136704	-2.17579	3.30621	15.1729
136704	-2.16955	3.31491	5.76267
