event	Eta	Phi	pT
180184	2.20665	2.95685	4.30324
180184	2.40872	2.85143	2.39098e-05
180184	2.44741	2.44068	0.628813
180184	2.43341	2.52173	1.99081
180184	2.02476	2.83729	1.145
180184	2.34199	2.75397	1.78007
180184	2.21158	2.80978	4.11129e-05
180184	2.19874	2.67	0.000126871
180184	2.26149	2.69462	22.6216
180184	2.09242	2.6384	9.96821e-05
180184	2.07349	2.65574	21.5293
180184	2.13077	2.36589	5.93182
180184	2.22645	2.49476	4.70822
180184	2.06709	2.59175	0.563789
180184	2.17512	2.58707	2.95186e-05
180184	2.16516	2.47265	2.54049e-05
180184	2.09305	2.53701	0.612464
180184	2.1231	2.51718	32.7521
