event	Eta	Phi	pT
73472	-1.73124	4.58602	2.4512
73472	-1.72765	4.73393	2.92004
73472	-1.77258	4.75701	13.1106
73472	-1.70788	4.98947	4.41043e-05
73472	-1.71379	4.9134	2.04669
73472	-1.7666	4.98477	1.5389
73472	-1.77516	4.98581	8.02309e-05
73472	-1.72987	4.91525	5.34828
73472	-1.75847	4.96339	6.35243e-05
73472	-1.74653	4.92577	4.08193
73472	-1.74664	4.92416	0.000355691
73472	-1.75755	4.9419	7.64529
73472	-1.76248	4.94468	8.08433e-05
73472	-1.75718	4.92751	0.000177923
73472	-1.78265	4.87376	7.42919e-05
73472	-1.76315	4.89079	2.43061
73472	-1.75688	4.92209	0.000230556
73472	-1.76305	4.92907	7.56865e-05
73472	-1.77308	4.93543	0.000224932
73472	-1.79923	4.91447	133.062
