event	Eta	Phi	pT
100571	0.281304	1.48885	0.912124
100571	0.324381	1.57606	4.04027e-05
100571	0.695863	1.80216	4.67016
100571	0.588471	1.38371	1.70729
100571	0.668074	1.40792	1.86047
100571	0.774548	1.53298	3.21382
100571	0.614195	1.4565	3.11362e-05
100571	0.563927	1.47855	0.94866
100571	0.590231	1.47823	3.42968e-05
100571	0.505631	1.57592	1.3856
100571	0.702981	1.64612	5.07378e-05
100571	0.652333	1.67651	1.13986
100571	0.598746	1.51342	0.916464
100571	0.688148	1.56362	2.55699e-05
100571	0.582159	1.61936	5.49773
100571	0.57442	1.57011	3.29368
100571	0.601228	1.60396	3.71174
100571	0.582519	1.58396	8.92909
100571	0.598126	1.58638	13.8597
100571	0.659071	1.63023	5.60392e-05
100571	0.644008	1.62797	3.2516e-05
100571	0.648729	1.60142	24.6565
