event	Eta	Phi	pT
150401	-1.04991	2.47004	4.71477e-05
150401	-1.07237	2.53523	1.44823
150401	-0.448028	2.44171	6.44274e-05
150401	-0.591219	2.41699	6.94213
150401	-0.62202	2.41972	2.52249
150401	-0.439762	2.54458	1.45144
150401	-0.506373	2.56156	1.00291
150401	-0.497745	2.58631	15.8446
150401	-0.775539	2.40808	2.58793e-05
150401	-0.567042	2.52464	4.05421
150401	-0.610432	2.54018	2.7402
150401	-0.815316	2.49731	2.40641
150401	-0.844293	2.94168	0.958377
150401	-0.623611	2.81625	3.66793
150401	-0.63121	2.62688	3.66233e-05
150401	-0.666933	2.84422	2.22478
150401	-0.812442	2.91035	2.37701
150401	-0.723058	2.79956	2.49796
150401	-0.699776	2.70751	2.63354
150401	-0.724703	2.69786	4.25129
150401	-0.797266	2.61606	6.28823e-05
150401	-0.810437	2.76806	3.28398e-05
150401	-0.892432	2.65019	0.921847
150401	-0.789748	2.68797	0.000210176
150401	-0.866885	2.73301	3.21723
150401	-0.844191	2.67759	3.01246e-05
150401	-0.852843	2.70154	41.0615
