event	Eta	Phi	pT
19082	-2.14421	0.42492	0.679267
19082	-2.16966	6.05557	0.608794
19082	-2.06859	6.13527	5.15349
19082	-1.84102	0.0981313	3.0321
19082	-1.91133	0.132384	0.786273
19082	-1.95992	0.0947177	1.08188
19082	-2.04922	0.160646	0.000102766
19082	-2.06369	0.131281	2.3412
19082	-2.08133	0.149367	35.6929
19082	-2.09244	0.0374561	2.23395
19082	-2.04803	0.043144	1.71184
19082	-2.06432	0.106506	7.89467e-05
19082	-2.06186	0.102036	6.90207e-05
19082	-2.07503	0.0811329	5.17559e-05
19082	-2.06334	0.0667305	10.3344
19082	-2.07125	0.0840445	7.02829e-05
19082	-2.05985	0.09019	0.717563
19082	-2.05578	0.0808935	23.4288
19082	-2.04809	0.0816849	4.25537
