event	Eta	Phi	pT
165839	-0.072474	5.11571	2.43527
165839	0.226125	4.73964	9.40281
165839	0.112556	5.14662	1.85516
165839	0.0626962	4.81961	3.7567e-05
165839	0.0258481	4.85037	2.18601e-05
165839	0.0370685	4.86134	4.95124e-05
165839	0.0648386	5.03967	10.5464
165839	0.165337	4.82798	3.3006e-05
165839	0.175265	5.03092	8.99259e-05
165839	0.181013	4.87141	0.000100093
165839	0.19977	4.98043	0.940976
165839	0.107364	4.97417	4.02916
165839	0.161936	4.91359	9.2362
165839	0.149804	4.93497	4.60813
165839	0.142326	4.94529	3.34009
165839	0.145738	4.94223	19.7524
