event	Eta	Phi	pT
129714	-1.2975	3.40695	1.54654
129714	-1.16542	3.06976	3.62762
129714	-1.43016	2.74585	2.93127
129714	-1.31823	2.81349	2.9953e-05
129714	-1.26932	2.88171	1.74392
129714	-1.53764	2.77156	0.000103537
129714	-1.22115	3.12369	3.98543e-05
129714	-1.49025	2.83392	4.6917
129714	-1.31463	3.13234	6.30281
129714	-1.52501	2.90142	2.52385
129714	-1.66728	3.25931	3.80142
129714	-1.48169	2.93341	6.17507e-05
129714	-1.45704	2.95735	2.0554
129714	-1.65304	3.23455	2.58446
129714	-1.65903	3.02856	2.75334e-05
129714	-1.48464	3.01822	0.000127378
129714	-1.50743	3.01321	1.47516
129714	-1.4645	3.08863	2.34997e-05
129714	-1.55495	3.16391	8.45783
129714	-1.50635	3.06998	5.92297e-05
129714	-1.55378	3.10045	13.5174
129714	-1.51495	3.0715	6.68956e-05
129714	-1.54089	3.07467	12.5837
