event	Eta	Phi	pT
62144	0.550763	5.23527	1.95624
62144	0.278661	4.86707	1.64633
62144	0.335673	4.94056	2.30134e-05
62144	0.385998	4.96078	5.69533e-05
62144	0.423003	4.98496	4.75761e-05
62144	0.431397	4.85469	4.0817
62144	0.440346	4.86819	5.82235
62144	0.557106	4.78356	2.00483
62144	0.554137	4.89378	4.91654e-05
62144	0.544101	4.8962	2.85335e-05
62144	0.5335	4.80378	5.35723e-05
62144	0.53125	4.80069	8.60116
62144	0.556106	4.85513	3.70574
62144	0.488293	4.80313	9.42381e-05
62144	0.494438	4.81278	1.43956
62144	0.474508	4.84015	8.96428
62144	0.488959	4.85448	2.74412
62144	0.515212	4.84557	5.11137
62144	0.514999	4.86046	5.57964
62144	0.524029	4.86848	4.74916
