event	Eta	Phi	pT
191850	0.0146996	3.02862	17.4592
191850	-0.0943937	2.5639	1.72343
191850	-0.0488891	2.58684	1.63238
191850	0.0648596	2.48373	3.9073
191850	0.120069	2.49658	2.74318
191850	-0.023417	2.77009	2.96157
191850	0.0320491	2.66718	3.11433
191850	0.0329448	2.7874	3.0055e-05
191850	0.400392	2.89442	1.30781
191850	0.0843241	2.74537	3.49261e-05
191850	0.349045	2.62227	0.87038
191850	0.1375	2.75013	3.24047e-05
191850	0.223505	2.73991	10.7573
191850	0.328024	2.72758	9.08491e-05
191850	0.287879	2.79656	14.8793
