event	Eta	Phi	pT
15285	1.64147	4.44382	2.88295
15285	1.76533	4.43106	7.30399
15285	1.66221	4.39086	4.99607
15285	1.8464	4.36756	7.80185
15285	1.63355	3.9494	2.90523e-05
15285	1.57532	4.16638	3.51072e-05
15285	1.5889	4.18177	2.36698
15285	1.81472	3.9558	2.1785e-05
15285	1.69329	3.99672	9.45928
15285	1.79079	3.99523	3.90124
15285	1.73786	4.3412	5.85086e-05
15285	1.6566	4.24357	2.81053e-05
15285	1.67877	4.11378	6.55864e-05
15285	1.69242	4.14602	3.34139
15285	1.84732	4.27255	1.73256
15285	1.75747	4.26696	1.68561
15285	1.72718	4.19408	6.3483e-05
15285	1.83442	4.20649	3.22526e-05
15285	1.81658	4.21691	4.94043
15285	1.77397	4.21313	1.4035
15285	1.78924	4.15361	2.78542e-05
15285	1.79279	4.15905	15.4518
