event	Eta	Phi	pT
28891	1.38953	6.24595	1.14281
28891	1.30191	6.24596	7.58213
28891	0.986851	6.06444	1.26574
28891	1.58099	6.07982	1.7286
28891	1.20819	6.06514	4.82859
28891	1.22803	6.00209	3.71349e-05
28891	1.43416	5.96845	2.80544
28891	1.36653	5.65641	4.16609
28891	1.21668	5.94283	2.62463e-05
28891	1.23933	5.71524	1.99357
28891	1.28002	5.92356	1.72594
28891	1.26918	5.90197	3.29899e-05
28891	1.35276	5.88855	9.04889
28891	1.33911	5.81795	0.000156679
28891	1.28369	5.80443	8.17469
28891	1.30587	5.80598	17.4308
