event	Eta	Phi	pT
154613	2.44086	5.82636	5.6815
154613	2.65006	5.9154	2.48933
154613	2.4327	0.31774	2.67403e-05
154613	2.36593	5.88678	1.41119
154613	2.34913	5.97634	2.18119
154613	2.49787	5.97664	6.27681e-05
154613	2.53512	6.01432	9.96212
154613	2.35544	6.01228	0.607156
154613	2.33039	6.00769	7.8757
154613	2.27325	6.08185	5.59554e-05
154613	2.33671	6.06331	1.06008
154613	2.23685	6.22484	7.22522
154613	2.41717	6.11782	1.8452
154613	2.33766	6.15641	4.40645
154613	2.35719	6.16312	8.21782
154613	2.40281	6.17661	2.05949
154613	2.35666	6.21815	2.94126
154613	2.33117	0.056658	4.12775e-05
154613	2.38005	6.26218	2.28786e-05
154613	2.35371	0.09313	1.48314
154613	2.44429	0.152372	1.90165
154613	2.46857	0.0588107	0.000100892
154613	2.4779	0.0757382	43.3292
