event	Eta	Phi	pT
35124	-1.24563	2.75276	7.53368
35124	-1.3124	2.7606	10.4638
35124	-1.02934	3.05124	4.62248e-05
35124	-1.23068	2.86002	2.98169e-05
35124	-1.53794	2.92626	4.07
35124	-1.53374	3.21966	1.71178
35124	-1.32867	3.3179	2.29572e-05
35124	-1.33259	3.30957	3.75546
35124	-1.20393	3.00423	3.40741
35124	-1.29867	3.25943	3.46944
35124	-1.21709	3.12005	3.9614e-05
35124	-1.3246	2.98115	1.0331
35124	-1.33	2.97031	5.04673
35124	-1.30249	2.98401	2.80027e-05
35124	-1.42344	3.23095	2.66283
35124	-1.49451	3.09968	5.06614e-05
35124	-1.29404	3.13184	3.44923
35124	-1.34537	3.18783	6.33704e-05
35124	-1.30039	3.12159	0.93505
35124	-1.32413	3.06074	8.20935e-05
35124	-1.43575	3.07839	4.25371e-05
35124	-1.34669	3.06984	2.30713
35124	-1.34306	3.07705	2.19331e-05
35124	-1.39827	3.08039	3.19323
35124	-1.38234	3.0935	8.64165
35124	-1.37778	3.11746	8.19788e-05
35124	-1.37742	3.12714	21.4759
