event	Eta	Phi	pT
165911	-0.562997	2.80842	1.28672
165911	-0.798604	2.75224	3.67496e-05
165911	-0.764477	2.74868	7.9079
165911	-0.665411	2.73222	4.34051
165911	-0.895127	2.59015	2.32379e-05
165911	-0.807831	2.65557	6.09977
165911	-0.609097	2.64465	2.7262
165911	-0.676293	2.66945	2.57097
165911	-0.718586	2.65375	6.93458e-05
165911	-0.705254	2.62565	7.9693e-05
165911	-0.731102	2.61166	3.28798
165911	-0.767365	2.59495	6.73288e-05
165911	-0.75472	2.57664	6.27778
165911	-0.684617	2.58038	3.31246
165911	-0.781199	2.53393	0.000383817
165911	-0.738362	2.55089	2.28509
165911	-0.700378	2.53478	6.89496
165911	-0.66594	2.49352	1.45105
165911	-0.704547	2.4838	65.1356
