event	Eta	Phi	pT
101966	-2.19688	5.13187	2.51555
101966	-2.2733	5.07392	4.12299e-05
101966	-2.30162	4.96974	1.59625
101966	-1.89647	4.73555	2.75625
101966	-1.96204	4.72035	6.84648
101966	-2.06463	4.68804	0.000241683
101966	-2.04598	4.61601	21.4362
101966	-1.97979	4.64814	1.7246
101966	-1.92053	5.06434	1.28454
101966	-2.2307	4.78016	0.504746
101966	-2.08019	5.0576	1.3684
101966	-2.12092	4.73141	7.93689e-05
101966	-2.10366	4.72573	2.84315e-05
101966	-1.8938	4.91784	0.998257
101966	-2.15493	4.79006	8.52768e-05
101966	-1.9894	4.82494	4.79692
101966	-1.99854	4.93643	3.94207
101966	-2.02818	4.81707	4.51545e-05
101966	-2.00294	4.84778	3.61185e-05
101966	-2.01617	4.8472	2.70469
101966	-2.07951	4.8846	19.629
