event	Eta	Phi	pT
148140	-2.50063	3.01604	1.73519
148140	-2.035	3.04839	0.8426
148140	-2.2358	2.53798	1.62487
148140	-2.01434	2.85742	2.88983e-05
148140	-2.37733	2.90082	9.21388
148140	-2.1864	3.00844	0.737784
148140	-2.21978	2.9152	2.7731
148140	-2.23771	2.96284	11.673
148140	-2.34986	2.67117	2.6735
148140	-2.20678	2.77621	0.000244193
148140	-2.20056	2.77902	4.30061e-05
148140	-2.19044	2.73555	4.83329e-05
148140	-2.1776	2.72077	19.571
148140	-2.21994	2.86886	5.4011e-05
148140	-2.22731	2.8258	7.85353
148140	-2.23984	2.8671	1.1628
