event	Eta	Phi	pT
18844	0.877916	3.30074	4.86597
18844	0.905163	3.32489	3.53962
18844	0.950528	3.43989	5.37545e-05
18844	0.716911	3.60502	6.85669
18844	0.902956	3.58311	3.62826e-05
18844	0.79392	3.60062	8.07772
18844	0.781727	3.37923	4.78216
18844	0.714788	3.50418	1.06589
18844	0.825083	3.55495	2.19659
18844	0.743021	3.48152	4.16231e-05
18844	0.752631	3.46666	5.86451e-05
18844	0.86096	3.48531	6.54422e-05
18844	0.767446	3.48456	2.65117
18844	0.800982	3.49836	0.000270777
18844	0.806135	3.46067	0.000142872
18844	0.81089	3.479	50.7009
