event	Eta	Phi	pT
91995	-0.926905	0.702252	3.18991
91995	-0.802683	0.599212	10.335
91995	-0.768713	0.571868	5.44119
91995	-0.933912	0.489335	3.07525e-05
91995	-0.611014	0.549532	5.14005e-05
91995	-0.864194	0.321062	1.86267
91995	-0.710632	0.217093	5.48659
91995	-0.760457	0.246582	7.43143
91995	-0.802352	0.284531	2.33409
91995	-0.813682	0.344107	3.55545e-05
91995	-0.79022	0.378158	4.13778e-05
91995	-0.67475	0.39722	1.56923
91995	-0.694123	0.411099	6.76292
91995	-0.763002	0.317156	2.80925e-05
91995	-0.701008	0.357159	2.93
91995	-0.72921	0.338598	8.07473
