event	Eta	Phi	pT
122571	0.308232	5.08371	3.41037
122571	-0.222857	5.3181	2.45076e-05
122571	0.0373304	5.37987	6.60562
122571	0.00842129	5.06886	5.1124
122571	0.0402201	5.08943	3.33503e-05
122571	0.116744	5.23711	1.21453
122571	0.0561296	5.26832	3.90639
122571	0.0160615	5.14448	1.69335
122571	0.0581127	5.16874	3.70049
122571	0.00532397	5.2582	7.76419e-05
122571	0.0517598	5.19394	6.55702e-05
122571	0.0443801	5.22323	5.2951
122571	0.0329563	5.20512	11.5034
122571	-0.000372849	5.22374	2.52091
122571	0.00554994	5.199	10.9714
122571	0.00799622	5.21311	2.26105e-05
122571	0.00499873	5.21014	4.5508
