event	Eta	Phi	pT
8688	-1.36777	3.97873	1.3951
8688	-1.33631	4.01697	9.28972
8688	-1.06227	3.66488	0.915125
8688	-1.7447	3.74807	1.38427
8688	-1.32527	3.39254	2.42987e-05
8688	-1.31956	3.8979	4.10003e-05
8688	-1.45962	3.86546	2.44832
8688	-1.40955	3.41057	3.58682e-05
8688	-1.4325	3.45604	4.49787e-05
8688	-1.55197	3.55034	8.87516
8688	-1.42423	3.47598	1.94146
8688	-1.35324	3.49909	1.65178
8688	-1.31167	3.63637	14.449
8688	-1.32083	3.74992	2.58808
8688	-1.35775	3.78426	6.04631e-05
8688	-1.45233	3.55769	4.35846e-05
8688	-1.41585	3.80763	2.60431e-05
8688	-1.45154	3.75679	5.12224
8688	-1.42322	3.68639	3.36296
8688	-1.51873	3.66351	5.27173e-05
8688	-1.49482	3.67558	2.05588
8688	-1.44904	3.68058	6.67079e-05
8688	-1.44359	3.67297	4.27999e-05
8688	-1.46837	3.65913	9.35251
