event	Eta	Phi	pT
102580	0.721919	2.48669	2.29143
102580	0.890894	2.41683	13.163
102580	1.0011	2.23941	1.11085
102580	0.981503	2.22545	6.59935
102580	0.958272	2.14111	7.12658e-05
102580	0.939944	2.21423	3.9202
102580	0.846027	2.02149	5.66625
102580	0.854981	2.23381	0.000104431
102580	0.865805	2.14342	2.54488e-05
102580	0.83603	2.16654	5.18429
102580	0.770696	2.24972	2.39692e-05
102580	0.76747	2.20281	12.0107
102580	0.805677	2.14909	9.99391e-05
102580	0.731371	2.15808	9.36389e-05
102580	0.756016	2.11783	14.3258
