event	Eta	Phi	pT
174331	-0.282821	5.41408	3.6152
174331	-0.681937	5.91238	4.35656e-05
174331	-0.293991	5.84764	9.12597e-05
174331	-0.289658	5.88617	8.14406
174331	-0.459837	5.88492	4.22876e-05
174331	-0.435037	5.92392	11.0881
174331	-0.538556	5.48579	3.35501e-05
174331	-0.319305	5.68957	3.54075e-05
174331	-0.35653	5.65798	19.7551
174331	-0.419818	5.82946	3.18232e-05
174331	-0.426046	5.80531	3.27098e-05
174331	-0.482429	5.61477	1.05969
174331	-0.615113	5.68744	8.23835
174331	-0.489157	5.7987	6.24081e-05
174331	-0.518145	5.67794	2.09659e-05
174331	-0.50966	5.69342	4.82865e-05
174331	-0.546065	5.73333	3.99612
174331	-0.482497	5.71848	5.56275e-05
174331	-0.511721	5.73034	12.2172
