event	Eta	Phi	pT
1129	0.0387492	4.62977	4.17694e-05
1129	-0.15985	4.1436	1.12692
1129	-0.205877	4.21129	3.43043e-05
1129	-0.177828	4.53635	9.00246
1129	-0.19822	4.29398	11.8529
1129	-0.331529	4.28697	1.89419
1129	-0.296923	4.2879	5.34111
1129	-0.263182	4.31049	12.608
1129	-0.229519	4.32996	5.26823e-05
1129	-0.18198	4.47853	3.84189
1129	-0.279056	4.33778	0.000186566
1129	-0.333294	4.34323	4.84802e-05
1129	-0.208008	4.4095	0.000114902
1129	-0.388215	4.44137	2.82276e-05
1129	-0.253833	4.38846	5.59054
1129	-0.241067	4.44922	5.42077e-05
1129	-0.303202	4.48521	26.7154
1129	-0.291887	4.40041	9.13115e-05
1129	-0.300705	4.45131	6.25385e-05
1129	-0.308482	4.42982	41.2485
