event	Eta	Phi	pT
84598	0.553032	2.1389	3.07798
84598	0.946965	2.0038	9.51978
84598	0.900625	1.92603	5.39177e-05
84598	0.731231	2.04482	4.41233
84598	0.725318	1.88401	3.91472
84598	0.700008	1.95034	14.6811
84598	0.714009	1.93915	2.25672
84598	0.747766	1.88735	1.3137
84598	0.805606	1.95994	2.7753
84598	0.749773	1.98311	2.30614e-05
84598	0.765784	1.92606	6.15505e-05
84598	0.760167	1.94686	5.09974
84598	0.769367	1.94844	20.3779
84598	0.946054	1.63628	4.14857e-05
84598	0.95839	1.86454	3.11137e-05
84598	0.758638	1.83771	8.96748e-05
84598	0.713691	1.80877	3.6954e-05
84598	0.786175	1.75439	1.91699
84598	0.760748	1.76216	5.38742
84598	0.746962	1.7755	37.4834
84598	0.852526	1.7116	2.1748e-05
84598	0.915047	1.77632	4.30746e-05
84598	0.874223	1.72576	8.31062e-05
84598	0.880908	1.75638	31.6484
