event	Eta	Phi	pT
115267	2.08581	3.28629	4.62769
115267	2.0227	3.04883	3.49424
115267	2.36882	3.19173	1.13812
115267	2.06081	2.89644	3.05292
115267	2.11651	3.06855	2.71153e-05
115267	2.12979	2.95351	4.65545e-05
115267	2.18206	2.91268	12.0712
115267	2.29497	3.09098	1.25188
115267	2.35696	3.00062	12.5256
115267	2.37954	3.03513	3.29767
115267	2.24434	3.09144	2.47849e-05
115267	2.22197	2.92761	3.85576e-05
115267	2.28625	2.94816	0.000133761
115267	2.30949	2.98522	0.631702
115267	2.29384	2.96248	8.04495e-05
115267	2.24075	2.95999	3.74157e-05
115267	2.25972	2.99444	25.9256
