event	Eta	Phi	pT
111379	-1.22154	0.346405	2.78727
111379	-1.02558	6.21158	8.4481e-05
111379	-1.03339	6.10619	14.5022
111379	-0.935299	6.11597	2.44453
111379	-1.14835	0.207749	2.51597e-05
111379	-1.31831	6.13712	1.15572
111379	-1.18747	6.19895	6.1558
111379	-1.16422	0.119358	3.98227e-05
111379	-1.33498	0.17216	2.36148e-05
111379	-1.37859	0.0198391	0.000173879
111379	-1.26009	0.10056	3.90928e-05
111379	-1.28946	0.0156548	3.60007
111379	-1.28745	0.0915706	2.00088e-05
111379	-1.31047	0.0571339	22.8429
111379	-0.953116	6.25156	2.16621
111379	-1.08415	0.22554	2.94934
111379	-0.964018	0.214202	6.19281
111379	-0.968676	0.159358	1.55992
111379	-0.940366	0.139222	3.7921e-05
111379	-0.929282	0.106808	2.72361
111379	-1.00748	0.0587227	0.000115246
111379	-0.981146	0.096849	9.06479
