event	Eta	Phi	pT
3528	-1.31059	6.02026	1.16527
3528	-1.51649	0.192473	3.34883
3528	-0.910024	0.145093	1.54715
3528	-0.936349	0.2074	9.27532
3528	-1.1717	6.13582	6.24724
3528	-0.95502	0.109081	7.44635e-05
3528	-1.41078	0.0974161	1.19262
3528	-1.33688	6.2646	2.14157e-05
3528	-1.3253	6.26431	2.65076e-05
3528	-1.10367	6.23467	1.61678
3528	-1.27666	6.26116	5.54506
3528	-1.31967	0.225153	2.02947
3528	-1.07398	0.0217586	1.52409
3528	-1.05403	0.0968553	1.17304
3528	-1.16173	0.0187686	6.43944e-05
3528	-1.17952	0.113621	12.0961
3528	-1.17025	0.176023	0.000107026
3528	-1.17152	0.181991	10.899
