event	Eta	Phi	pT
59114	0.0803189	1.75906	5.10646
59114	0.196653	1.3484	7.00055
59114	-0.230061	1.38564	1.57461
59114	0.109893	1.35997	2.49136
59114	0.139528	1.41325	8.06926e-05
59114	0.10452	1.52024	15.1775
59114	-0.0308412	1.3871	5.28775
59114	0.039532	1.43337	2.29423e-05
59114	-0.0909748	1.44752	2.26083e-05
59114	-0.113151	1.53978	5.05511
59114	0.0255695	1.53106	2.65593e-05
59114	-0.00775805	1.46148	2.21576e-05
59114	-0.064792	1.45936	0.000186182
59114	-0.0746242	1.48813	0.000136044
59114	-0.00863278	1.49015	5.41322e-05
59114	-0.0245671	1.48164	23.7786
59114	-0.0233344	1.54399	6.40908
59114	-0.033668	1.51298	2.75256
59114	-0.0465271	1.50698	0.000205293
59114	-0.0470852	1.51945	55.0655
