event	Eta	Phi	pT
82033	1.49081	3.71822	1.45489
82033	1.7469	3.17021	0.906591
82033	1.49318	3.14717	9.79412
82033	1.69872	3.25629	0.990674
82033	1.45156	3.20577	1.75379
82033	1.4318	3.4721	3.34385
82033	1.50245	3.50425	2.95211e-05
82033	1.51497	3.45888	2.73823e-05
82033	1.5213	3.48304	15.4006
82033	1.46207	3.23149	2.02183e-05
82033	1.4493	3.39111	4.12402e-05
82033	1.48525	3.39789	9.14008
82033	1.45654	3.30335	5.29549e-05
82033	1.57784	3.33982	1.38907
82033	1.51419	3.39404	0.000125377
82033	1.49363	3.36609	1.26743
82033	1.47811	3.34227	3.48048
82033	1.50292	3.35479	0.000190304
82033	1.50168	3.30864	6.4175e-05
82033	1.54004	3.33281	3.70992e-05
82033	1.5224	3.33001	24.685
