event	Eta	Phi	pT
49683	-1.51612	1.20596	2.08736
49683	-1.11689	1.03947	1.00241
49683	-1.19061	1.04791	2.60663
49683	-0.934769	1.18356	2.86647e-05
49683	-1.03006	1.1562	2.73028e-05
49683	-1.19441	1.15067	0.910609
49683	-1.15621	1.1366	4.61969e-05
49683	-1.14339	1.12821	10.2439
49683	-1.28965	1.16083	2.20133
49683	-1.28517	1.18297	2.81021e-05
49683	-1.11456	1.43817	2.15422
49683	-1.13954	1.4919	13.5012
49683	-1.05217	1.40033	1.04245
49683	-1.21884	1.20415	0.992426
49683	-1.16005	1.22378	2.85349
49683	-1.16876	1.26059	0.000117531
49683	-1.27242	1.39729	1.38751
49683	-1.14012	1.31139	3.6212e-05
49683	-1.13829	1.32185	3.93012e-05
49683	-1.16997	1.37818	2.53126e-05
49683	-1.20094	1.34449	18.5329
