event	Eta	Phi	pT
122021	-0.113141	0.648044	0.000102108
122021	0.127665	0.731034	2.84164e-05
122021	-0.139118	0.662134	7.07379e-05
122021	-0.172728	0.709892	12.8591
122021	-0.33348	0.921445	3.62976
122021	0.0742598	1.21761	3.53864
122021	-0.0595142	1.24855	1.64067
122021	0.058349	1.14313	1.69839
122021	-0.0264903	0.847479	3.48714e-05
122021	-0.0416611	0.857165	0.000101072
122021	-0.0190388	0.984371	6.66544e-05
122021	-0.0419949	0.891808	3.64318e-05
122021	-0.0691092	0.970674	5.02429e-05
122021	-0.0887364	0.941348	2.66625
122021	-0.0763617	0.941751	29.2841
122021	-0.00471515	1.04382	7.96377
122021	-0.0801493	1.02906	21.306
122021	-0.0362816	1.06742	11.8575
