event	Eta	Phi	pT
133773	-0.26126	1.42646	10.408
133773	-0.380209	2.08204	4.81805
133773	-0.44565	2.01872	11.4574
133773	-0.00163232	1.63259	1.01461
133773	-0.129945	1.5302	2.16918e-05
133773	-0.024054	1.8624	0.966673
133773	-0.316225	1.54885	4.54031
133773	-0.296179	1.58233	3.61136
133773	-0.440611	1.89078	5.26764e-05
133773	-0.434158	1.76867	13.6264
133773	-0.377446	1.90092	4.54711e-05
133773	-0.35509	1.85082	3.98361
133773	-0.251985	1.66733	3.87009
133773	-0.332543	1.80817	2.21614
133773	-0.322244	1.82827	1.65586
133773	-0.264825	1.70437	5.31482
133773	-0.318313	1.79106	2.17627e-05
133773	-0.243376	1.89019	5.04659
133773	-0.28821	1.84383	3.97754e-05
133773	-0.289203	1.77301	1.03019
133773	-0.195142	1.7444	2.37829
133773	-0.221246	1.75613	8.27949e-05
133773	-0.241469	1.78167	2.69972
133773	-0.210185	1.83627	2.50291
133773	-0.220471	1.82273	7.04167e-05
133773	-0.208999	1.83168	0.000111531
133773	-0.197071	1.79723	3.28979
133773	-0.187358	1.80098	26.9925
