event	Eta	Phi	pT
176903	0.98576	3.3463	2.36403
176903	1.14449	3.39294	4.70546
176903	1.00998	3.30557	2.72145e-05
176903	1.18721	3.30138	13.2586
176903	1.30765	3.262	3.90709
176903	0.910848	3.01228	1.50577
176903	0.971573	3.13865	4.33896
176903	1.26032	3.22329	4.34545
176903	0.994453	3.12161	2.84987e-05
176903	0.994402	3.12176	4.0459
176903	1.21264	3.20982	7.90316e-05
176903	0.981457	3.04908	1.12934
176903	1.12086	2.77446	2.69085
176903	1.2979	2.91035	8.92533
176903	1.11207	2.88669	4.191
176903	1.15916	2.86902	2.68433
176903	1.19854	2.88315	15.4778
176903	1.30386	2.96679	2.81771e-05
176903	1.29452	2.96318	4.46183
176903	1.29793	3.01556	2.70833
176903	1.18339	3.1555	3.41347e-05
176903	1.27905	3.05613	6.97458e-05
176903	1.27269	3.06333	1.96524
176903	1.0685	3.0886	5.47376e-05
176903	1.2402	2.99765	9.49693e-05
176903	1.21123	3.02659	0.000109279
176903	1.20602	3.03949	2.13819
176903	1.22702	3.04609	8.24578
176903	1.07514	3.02974	2.60503e-05
176903	1.0984	2.98479	4.51197
176903	1.16317	3.09356	3.11475e-05
176903	1.17219	3.05517	3.24646
176903	1.12209	3.01712	5.72256
176903	1.13198	3.04666	3.5027
176903	1.14992	3.0281	6.28876
