event	Eta	Phi	pT
95255	1.31597	0.749673	1.77168
95255	1.45832	1.38159	4.4987e-05
95255	1.27377	1.02271	7.45241e-05
95255	1.3528	0.896487	0.946222
95255	1.27043	0.925606	12.8959
95255	1.36173	1.36303	1.21912
95255	1.39197	1.21234	10.2909
95255	1.34814	1.12304	3.04906e-05
95255	1.12608	1.34413	2.21996e-05
95255	1.16291	1.31374	6.03815
95255	1.30527	1.08707	0.00012981
95255	1.28461	1.22372	2.02779e-05
95255	1.09927	1.2684	1.52315
95255	1.14486	1.03559	2.13191
95255	1.18225	1.23972	5.00871e-05
95255	1.09475	1.16758	3.91815
95255	1.13763	1.1542	1.78476
95255	1.18811	1.14741	6.31269
95255	1.22658	1.12244	2.04474
