event	Eta	Phi	pT
82944	1.93297	4.33621	1.02727
82944	1.86424	4.35825	2.16826
82944	1.84322	4.58244	0.772415
82944	1.85427	4.52402	3.92778
82944	1.84836	4.37599	2.21087e-05
82944	1.69747	4.58436	2.7655e-05
82944	1.61931	4.31268	5.91489
82944	1.68224	4.57216	0.967184
82944	1.6484	4.36572	4.75069
82944	1.68564	4.5127	4.37282
82944	1.66135	4.4355	2.82354
82944	1.62747	4.3948	9.42043
82944	1.64969	4.47792	2.52746
82944	1.50979	4.396	5.07795e-05
82944	1.48104	4.50352	4.11213
82944	1.53468	4.41994	8.86304
82944	1.59852	4.4501	3.42695
82944	1.53683	4.45907	2.12362
82944	1.5673	4.45375	1.80661
82944	1.53037	4.47315	3.44017
82944	1.56657	4.53281	3.85793
82944	1.56857	4.48091	0.000157023
82944	1.56634	4.50161	19.1596
