event	Eta	Phi	pT
86921	1.90143	0.645326	4.31862e-05
86921	2.03652	1.36471	2.51679
86921	2.19889	0.957526	3.1533
86921	1.83305	0.708416	0.85191
86921	1.94108	0.719389	2.92446
86921	2.14089	0.873689	0.547775
86921	1.75516	0.780091	6.84253e-05
86921	1.67896	1.13751	5.98572
86921	1.69321	1.09548	2.37725
86921	1.85017	1.19508	18.1572
86921	2.06369	1.01368	3.89504
86921	1.69462	1.00465	7.62571e-05
86921	1.83375	0.819879	6.02687
86921	1.72295	0.989811	0.852025
86921	1.82828	0.880873	4.83498
86921	1.80519	0.908695	3.79579
86921	1.88648	0.893697	2.97861
86921	1.95353	1.12376	3.03039
86921	1.92732	1.05688	8.86428e-05
86921	1.8963	1.04581	5.01868
86921	1.84951	0.94559	2.09703e-05
86921	1.89351	0.986034	16.9018
86921	1.89723	1.11582	8.75277e-05
86921	1.91265	1.09355	1.80936
86921	1.92079	1.10443	3.69176
