event	Eta	Phi	pT
161665	-0.361068	4.28336	3.48243
161665	-0.204761	4.94434	2.49915
161665	0.110924	4.48212	0.840556
161665	-0.351049	4.83427	2.03985e-05
161665	-0.294427	4.37509	2.24645e-05
161665	-0.379459	4.59194	2.37834e-05
161665	-0.168474	4.74461	4.21425
161665	-0.279795	4.71549	2.06905e-05
161665	-0.113221	4.51818	6.377
161665	-0.19598	4.4808	2.30449e-05
161665	-0.299816	4.66856	2.05614e-05
161665	-0.198838	4.49141	4.24014e-05
161665	-0.25961	4.5207	3.30631
161665	-0.127996	4.59652	5.6116e-05
161665	-0.145411	4.55588	1.1074
161665	-0.155919	4.54446	2.29546
161665	-0.191236	4.5295	5.90018e-05
161665	-0.173066	4.63498	5.62158e-05
161665	-0.225321	4.63915	0.965117
161665	-0.215152	4.65098	8.47841
161665	-0.245149	4.55018	6.37392e-05
161665	-0.220732	4.57995	12.4848
161665	-0.193402	4.60085	0.000141692
161665	-0.203454	4.60532	6.38772
