event	Eta	Phi	pT
189905	-0.459141	5.47345	0.961584
189905	-0.489253	4.88558	4.09953e-05
189905	-0.612543	5.16718	4.64085e-05
189905	-0.0627407	4.88427	2.21111e-05
189905	-0.0923604	4.94177	4.05421
189905	-0.513747	5.10121	2.71765
189905	-0.371557	4.94285	5.6984
189905	-0.356723	4.99308	2.9171
189905	-0.234068	5.50156	1.21333
189905	-0.246854	4.93615	2.08358e-05
189905	0.0342588	5.20122	1.17855
189905	-0.397141	5.14682	3.03975e-05
189905	-0.353815	5.29916	12.771
189905	-0.126095	5.01625	5.83473e-05
189905	-0.114909	5.28104	6.67533
189905	-0.106353	5.15558	6.95556e-05
189905	-0.0866967	5.15298	2.59947
189905	-0.126613	5.07825	4.10852
189905	-0.142466	5.13461	0.899193
189905	-0.259924	5.20092	12.7895
189905	-0.212802	5.09644	0.000132344
189905	-0.184349	5.10815	4.48033
