event	Eta	Phi	pT
41020	2.75438	2.39504	1.83443
41020	2.45202	2.96637	2.79794
41020	2.46026	2.32496	2.22955
41020	2.50439	2.8881	1.08004
41020	2.69836	2.57437	2.9331
41020	2.51521	2.46072	5.81387
41020	2.46676	2.81604	2.7176e-05
41020	2.32776	2.76133	0.790578
41020	2.33179	2.58892	6.32823
41020	2.35921	2.70634	3.46593e-05
41020	2.43123	2.54158	1.93608
41020	2.40078	2.60595	1.30648
41020	2.39089	2.65032	4.0102e-05
41020	2.40193	2.64919	10.3362
41020	2.41618	2.62022	7.85228e-05
41020	2.47797	2.64699	42.3215
