event	Eta	Phi	pT
163760	-1.21962	5.01319	3.68444
163760	-1.21934	5.09323	12.5342
163760	-1.4666	5.1588	4.99302
163760	-1.29409	5.13243	3.47989e-05
163760	-1.25917	5.33761	5.14245
163760	-1.27791	5.31264	2.12567e-05
163760	-1.32303	5.34683	5.90373
163760	-1.34525	5.32798	0.973784
163760	-1.33076	5.31876	18.4634
163760	-1.26527	5.27871	2.87284
163760	-1.26387	5.24172	3.94037
163760	-1.27519	5.25068	2.27435
163760	-1.27583	5.20928	5.71557e-05
163760	-1.27397	5.23679	7.7177e-05
163760	-1.27545	5.22305	4.25545
163760	-1.31753	5.25182	4.61251e-05
163760	-1.32134	5.25471	7.1238
163760	-1.32482	5.23371	6.96058
163760	-1.3414	5.22998	0.000125438
163760	-1.33616	5.20949	10.7805
