event	Eta	Phi	pT
133810	0.544976	2.29018	2.94091
133810	0.385357	2.22198	3.51153
133810	0.50621	2.16628	5.36396
133810	0.569372	2.08351	3.46286e-05
133810	0.422566	2.09814	1.11281
133810	0.491741	2.06727	6.57712
133810	0.522603	2.05062	3.05672
133810	0.561096	1.98587	2.32706
133810	0.531092	1.97363	8.75117
133810	0.506283	1.98184	8.24316e-05
133810	0.448555	1.98471	3.17956
133810	0.416538	1.95855	3.65508
133810	0.516831	1.94717	0.000116535
133810	0.459619	1.94883	9.38527e-05
133810	0.501453	1.93354	3.30962e-05
133810	0.467008	1.8943	33.0209
