event	Eta	Phi	pT
91043	0.0497978	4.99309	2.97536
91043	0.0661811	5.02911	1.74367
91043	-0.120598	5.03521	0.942164
91043	-0.179401	5.09456	2.33154
91043	0.128109	5.09716	1.48003
91043	0.0551269	5.09563	1.9029
91043	0.0166549	5.08803	5.21877e-05
91043	-0.165252	5.53468	4.301e-05
91043	0.0350062	5.10987	2.56216e-05
91043	0.0834261	5.13808	2.78494
91043	0.129636	5.50431	4.61478
91043	-0.213581	5.44266	1.12029
91043	-0.0042318	5.13759	1.02467
91043	-0.179658	5.44452	2.72359
91043	0.0425142	5.20571	2.36015
91043	-0.150743	5.374	2.00872
91043	0.0175606	5.22553	5.66624
91043	-0.134541	5.29797	2.42254
91043	-0.0713882	5.25604	25.5809
91043	-0.138788	5.3472	3.91783
91043	-0.00429086	5.48185	2.94877
91043	-0.00187999	5.47165	13.7286
91043	0.00660277	5.26589	4.68497
91043	-0.0949984	5.41203	1.39385
91043	-0.101278	5.35711	3.16288e-05
91043	-0.0408125	5.43732	2.04065
91043	-0.0684399	5.34305	5.97768
91043	-0.0601258	5.37439	0.000139029
91043	0.0041097	5.40387	6.16826e-05
91043	-0.0381894	5.35669	0.00013681
91043	0.00207537	5.34194	0.000106811
91043	-0.0255662	5.37358	2.31349
91043	-0.00765737	5.37695	0.000233935
91043	-0.00759213	5.36224	23.8657
91043	0.0725353	5.33359	2.29001
91043	0.107146	5.36355	4.2303e-05
91043	0.0783082	5.37043	13.3333
