event	Eta	Phi	pT
28497	-2.06951	0.221831	3.92688
28497	-1.81418	0.797108	1.50759
28497	-1.88529	0.826001	1.14961
28497	-2.0597	0.837254	9.95722
28497	-2.3023	0.748123	2.73376e-05
28497	-2.30704	0.729811	1.51987
28497	-2.34512	0.638816	4.97177
28497	-2.3207	0.475754	0.568198
28497	-2.28316	0.571432	3.7746e-05
28497	-2.3119	0.531251	9.71396
28497	-2.29611	0.534908	3.3556
28497	-2.03487	0.30472	2.5776
28497	-2.25038	0.456414	5.00568
28497	-1.93195	0.768622	1.68552
28497	-2.14108	0.706427	4.34317e-05
28497	-2.11489	0.654346	2.11551e-05
28497	-2.16086	0.658007	14.4841
28497	-2.17749	0.569948	5.94586e-05
28497	-2.15265	0.492759	2.8627e-05
28497	-2.14657	0.523735	0.87803
28497	-1.84991	0.580266	1.08828
28497	-1.85832	0.552976	2.23525e-05
28497	-1.9875	0.648907	4.74552
28497	-2.06181	0.604181	0.000159553
28497	-1.91608	0.592634	4.2577
28497	-2.03345	0.607818	1.82134
28497	-1.93465	0.505304	1.37485
28497	-1.97044	0.496119	2.04953
28497	-1.96275	0.513356	14.4111
28497	-2.01499	0.534991	5.2256
28497	-2.02668	0.521306	0.000182338
28497	-2.01588	0.501405	16.6688
