event	Eta	Phi	pT
135096	0.992189	2.98707	7.17698
135096	0.277055	2.97687	1.62099
135096	0.369997	3.09485	1.22128
135096	0.684952	2.74352	9.50397e-05
135096	0.671471	2.73004	2.19197e-05
135096	0.689317	2.67823	9.74174
135096	0.473289	2.76486	0.998773
135096	0.822749	2.8256	1.12399
135096	0.722581	2.76559	3.35019
135096	0.705551	2.80242	1.86608
135096	0.714782	2.96233	5.30095e-05
135096	0.583695	2.86734	4.51791e-05
135096	0.585872	2.89223	1.04457
135096	0.561535	3.00096	5.04553
135096	0.588956	2.94369	5.85472
135096	0.608261	2.99556	2.48887
135096	0.638782	2.96353	13.2633
