event	Eta	Phi	pT
170803	-1.34049	4.50863	5.23961
170803	-1.22688	4.43435	8.43374e-05
170803	-1.17343	4.38231	2.82617
170803	-1.18644	4.21612	3.41597e-05
170803	-1.219	4.20754	3.67748
170803	-1.30778	4.19348	3.72169
170803	-1.1933	4.28145	1.23323
170803	-1.32683	4.42092	2.11222
170803	-1.2282	4.34773	15.1709
170803	-1.30627	4.40324	1.24779
170803	-1.34532	4.35349	2.53467
170803	-1.29833	4.32078	3.044
170803	-1.29251	4.33939	11.5746
170803	-1.34785	4.34198	5.18345e-05
170803	-1.38035	4.30203	0.907758
170803	-1.33715	4.30335	0.000176136
170803	-1.34225	4.27327	22.6722
