event	Eta	Phi	pT
167604	-2.13089	2.64164	3.01525
167604	-2.09802	2.75096	4.18586e-05
167604	-2.09802	2.85835	10.204
167604	-2.16978	2.78195	2.26877e-05
167604	-2.24481	2.7819	2.97871
167604	-2.24953	2.86044	21.1924
167604	-2.14382	3.13997	5.20239
167604	-2.11141	3.00285	9.55501e-05
167604	-2.17381	2.92413	4.01372e-05
167604	-2.13061	3.04427	2.42179
167604	-2.14313	3.03616	1.65615
167604	-2.15664	2.97074	5.64459e-05
167604	-2.17598	2.99268	9.78027e-05
167604	-2.17897	2.98481	3.18645
167604	-2.20557	2.95943	0.000170979
167604	-2.21844	2.95792	9.21384e-05
167604	-2.24748	3.00277	7.52583e-05
167604	-2.23945	3.02009	23.6897
