event	Eta	Phi	pT
90894	2.26037	2.88396	1.00885
90894	2.17899	2.79951	2.32548
90894	2.08807	2.78046	0.000111591
90894	2.19724	2.99091	0.683317
90894	2.16009	3.06672	0.607288
90894	1.99795	2.8025	0.963508
90894	2.04159	2.82948	1.17494
90894	2.08267	2.88551	5.64694
90894	1.97177	2.83655	0.854421
90894	1.92212	3.1318	0.000122833
90894	1.88039	3.20518	15.5464
90894	1.79734	2.81893	0.998463
90894	1.79387	2.85978	1.83314
90894	1.92431	3.11012	1.08816
90894	1.91932	3.09641	0.000167514
90894	1.83132	3.01957	19.8316
