event	Eta	Phi	pT
22541	1.56672	4.3682	3.65478e-05
22541	1.57019	4.54459	2.28861
22541	1.15422	4.21077	8.69732
22541	1.14382	4.7177	1.84408
22541	1.31986	4.64108	7.75203
22541	1.33389	4.39818	1.14213
22541	1.15813	4.3912	5.20623e-05
22541	1.26834	4.49467	1.6909
22541	1.19172	4.5752	8.65876
22541	1.16947	4.45226	2.141
22541	1.15295	4.46579	3.36859e-05
22541	1.15152	4.51484	0.00012907
22541	1.15902	4.46881	0.000406023
22541	1.20304	4.47088	3.31588e-05
22541	1.18817	4.51997	5.3779
22541	1.18295	4.49213	39.774
