event	Eta	Phi	pT
135724	0.40676	5.49255	2.82992e-05
135724	0.533977	5.33332	0.949138
135724	0.409421	5.43702	6.33131
135724	0.392311	5.30421	6.08796e-05
135724	0.278367	5.34193	3.57417
135724	0.208453	5.32115	5.7465
135724	0.060079	5.1431	2.66301
135724	0.297776	4.98816	4.14493
135724	0.162745	5.02296	5.74801
135724	0.139599	5.15768	2.11036
135724	0.213742	5.23562	2.43815
135724	0.164795	5.09517	6.65903e-05
135724	0.258171	5.05202	2.65868
135724	0.332682	5.10112	2.87389e-05
135724	0.272432	5.08173	3.64882
135724	0.254879	5.19307	8.00638e-05
135724	0.284696	5.15148	7.64624e-05
135724	0.231481	5.13425	0.000128025
135724	0.253783	5.14693	21.9261
