event	Eta	Phi	pT
184934	0.278043	4.73726	4.69504
184934	0.223383	4.67187	3.42726
184934	0.336217	4.61507	5.00674e-05
184934	0.222105	4.5898	2.42937e-05
184934	0.302355	4.52528	3.60248
184934	0.231088	4.53629	4.79728e-05
184934	0.293279	4.31604	5.76265
184934	0.219588	4.30876	18.775
184934	0.226463	4.47407	3.24563e-05
184934	0.164851	4.35439	9.90718e-05
184934	0.197595	4.33214	0.00020998
184934	0.194972	4.349	18.5347
184934	0.167352	4.36727	2.96164
184934	0.172472	4.43194	5.93346
184934	0.180196	4.41793	2.52387
184934	0.235774	4.36987	0.000142064
184934	0.186622	4.38747	0.000200079
184934	0.221425	4.418	32.5595
184934	0.208253	4.3761	5.8642
184934	0.219489	4.37862	9.67362
