event	Eta	Phi	pT
193348	-1.7229	5.38943	1.4336
193348	-1.56401	5.64152	1.65386
193348	-1.26382	5.651	6.83966
193348	-1.30644	5.04034	1.42508
193348	-1.14976	5.12678	4.01167
193348	-1.5862	5.27545	1.51053
193348	-1.41767	5.50778	2.53569
193348	-1.29091	5.41942	3.80838e-05
193348	-1.2833	5.43882	2.18236e-05
193348	-1.32095	5.45077	11.3923
193348	-1.34806	5.27828	2.78338e-05
193348	-1.3336	5.24324	11.192
193348	-1.42908	5.37714	0.906505
193348	-1.33278	5.29957	5.55833e-05
193348	-1.38852	5.32986	0.000103962
193348	-1.36821	5.32619	6.25792
193348	-1.34869	5.36702	9.16303e-05
193348	-1.36142	5.34974	9.54229
