event	Eta	Phi	pT
114935	-0.172456	4.94039	3.3475
114935	0.0222099	4.9206	0.940613
114935	-0.347401	4.6872	3.56569e-05
114935	-0.0596592	4.64965	3.44872e-05
114935	-0.0757817	4.8638	5.43428e-05
114935	-0.043262	4.82337	5.4473
114935	-0.0241801	4.75179	8.4723
114935	0.0128874	4.79735	2.30441
114935	0.165218	4.62306	1.8028
114935	-0.23364	4.70563	3.27638e-05
114935	0.0569925	4.66357	3.37988e-05
114935	0.0320388	4.63834	2.21546
114935	-0.158515	4.43479	3.2145e-05
114935	-0.169629	4.41049	8.0069
114935	-0.140822	4.59159	5.99291
114935	-0.0998105	4.42529	3.40317e-05
114935	-0.0133871	4.42478	6.82657e-05
114935	-0.101138	4.51805	6.9274e-05
114935	-0.0260967	4.50041	4.79264
114935	-0.0223028	4.51466	4.49297
114935	-0.0858838	4.50293	2.94335e-05
114935	-0.0700842	4.47345	6.97811
