event	Eta	Phi	pT
32999	-2.14895	5.0323	1.33173
32999	-2.10782	5.39966	2.71786
32999	-2.62411	5.58059	3.08244
32999	-2.4518	5.55347	3.21928
32999	-2.28745	4.94497	0.45826
32999	-2.76642	5.23297	2.70132
32999	-2.20648	5.3496	0.882508
32999	-2.42759	5.37852	5.45268
32999	-2.53827	5.3081	5.22732
32999	-2.6026	5.16104	1.69141
32999	-2.44169	5.04813	2.10762
32999	-2.33972	5.1606	2.10414
32999	-2.49958	5.25148	3.03301
32999	-2.45202	5.2353	3.47831e-05
32999	-2.48941	5.21383	3.56443
32999	-2.4751	5.10212	2.40248
32999	-2.48535	5.1961	6.78695e-05
32999	-2.46529	5.20335	2.98604e-05
32999	-2.43317	5.16234	14.0871
