event	Eta	Phi	pT
115229	2.09139	4.29182	2.28887
115229	2.23034	3.68933	5.70882
115229	2.00023	3.98494	6.79399
115229	2.3964	3.78096	5.2476
115229	2.35658	3.79155	3.64697e-05
115229	2.03843	3.97799	2.46076e-05
115229	2.20225	3.79383	7.9918e-05
115229	2.41839	3.9166	3.04617e-05
115229	2.29197	3.87161	1.6835
115229	2.27978	3.86424	2.61477e-05
115229	2.2756	3.86969	9.85468
115229	2.34733	3.92214	2.34259
115229	2.30051	3.92568	5.35277
115229	2.31132	4.00992	2.07667
115229	2.25894	3.93546	0.888631
115229	2.22583	3.9443	3.59141e-05
115229	2.26429	3.97211	2.64041
115229	2.22953	4.00444	53.7176
