event	Eta	Phi	pT
66268	2.34363	3.06709	0.861577
66268	1.96563	3.07956	0.68273
66268	1.91998	2.98917	1.34831
66268	1.93304	2.93703	11.4478
66268	2.055	3.03814	1.33153
66268	2.03518	3.00031	2.42855
66268	2.10396	2.60596	2.11858e-05
66268	2.11375	2.97695	0.000125019
66268	2.05604	2.71426	2.34556e-05
66268	2.0351	2.75277	4.18573
66268	2.04906	2.76121	1.11786
66268	2.02556	2.79505	1.65727
66268	2.03432	2.8278	0.000185359
66268	2.07066	2.844	4.85393e-05
66268	2.09759	2.77198	2.75884e-05
66268	2.09898	2.77108	1.86511
66268	2.10789	2.85613	2.37975e-05
66268	2.17005	2.82018	25.4738
