event	Eta	Phi	pT
114275	-1.10685	0.757756	1.7372
114275	-1.42697	0.912441	2.49831e-05
114275	-1.16868	1.42338	3.46713
114275	-1.06398	0.873358	0.928739
114275	-1.18371	0.905045	10.7096
114275	-1.27942	0.996123	7.14856
114275	-1.23463	1.00282	3.06432e-05
114275	-1.2194	1.33347	4.24802
114275	-1.30407	1.1952	13.0643
114275	-1.26158	1.25041	4.36092
114275	-1.29119	1.12041	8.4917e-05
114275	-1.27143	1.06946	2.31386e-05
114275	-1.09207	1.26516	3.58245
114275	-1.18228	1.01896	0.000117668
114275	-1.13361	1.03307	4.12711
114275	-1.23356	1.09618	6.70892e-05
114275	-1.20954	1.07758	0.922611
114275	-1.18942	1.09627	0.000125262
114275	-1.08624	1.08474	2.07286e-05
114275	-1.11575	1.08773	7.71022
114275	-1.16742	1.25594	4.69933e-05
114275	-1.14053	1.17536	20.4901
