event	Eta	Phi	pT
76443	-0.453857	1.82234	3.41596e-05
76443	-0.343994	1.24254	6.3864
76443	-0.299724	1.3205	1.26815
76443	-0.541221	1.25711	5.8634
76443	-0.32575	1.43685	2.14156e-05
76443	-0.492204	1.76674	3.44844e-05
76443	-0.522261	1.73151	3.87113
76443	-0.471622	1.60495	3.06022
76443	-0.618251	1.61535	3.5438
76443	-0.497116	1.57136	3.33514
76443	-0.520141	1.55603	4.02184
76443	-0.596017	1.55466	4.67751
76443	-0.564982	1.34092	8.97835e-05
76443	-0.62837	1.5236	6.28575e-05
76443	-0.578266	1.40708	6.81319e-05
76443	-0.564714	1.41731	2.56137e-05
76443	-0.583433	1.44311	17.9549
76443	-0.580995	1.45246	2.80833
