event	Eta	Phi	pT
50072	-1.85615	0.0272311	1.00349
50072	-2.2084	0.216693	2.0007e-05
50072	-1.96368	0.115805	2.84146e-05
50072	-2.12504	0.147277	0.819448
50072	-2.02334	0.141454	0.921999
50072	-2.09098	0.234787	5.2888
50072	-2.02335	0.235593	25.3368
50072	-2.48452	6.08387	2.32498
50072	-1.99208	6.02423	1.03607
50072	-2.47681	6.12121	1.57252
50072	-1.91937	6.25661	0.621493
50072	-1.97755	6.23514	6.35759e-05
50072	-2.02285	6.25089	6.4203
50072	-2.07282	6.15974	4.79202
50072	-2.31489	6.14327	8.8971
50072	-2.35553	6.19662	2.03112e-05
50072	-2.24085	0.000538328	7.0648e-05
50072	-2.21024	6.27577	12.7112
50072	-2.30145	0.0517759	0.852222
50072	-2.29193	0.00429748	9.17471
