event	Eta	Phi	pT
196054	0.68328	0.313023	2.11585
196054	0.450675	0.202014	4.42165e-05
196054	0.462342	0.137149	3.8607e-05
196054	0.620703	5.90852	2.64956e-05
196054	0.606304	0.20613	3.74095e-05
196054	0.735469	0.17407	6.82206
196054	0.482037	0.00306713	4.24844
196054	0.673877	0.101208	4.10173e-05
196054	0.51439	6.11606	1.29164
196054	0.568741	0.0395197	2.4882e-05
196054	0.622802	6.01708	5.52341
196054	0.717123	6.26892	7.67088e-05
196054	0.709747	0.0166615	7.06074e-05
196054	0.763041	6.26123	4.94989e-05
196054	0.755369	0.00899775	0.000132427
196054	0.756492	0.0114966	17.0776
196054	0.690175	6.27511	7.0059e-05
196054	0.778553	6.07679	4.5066
196054	0.642477	6.06708	1.20864
196054	0.663496	6.09258	1.64608
196054	0.69072	6.20306	4.09837
196054	0.689721	6.16725	4.0099e-05
196054	0.693523	6.15064	3.52161
196054	0.713769	6.165	2.68196
196054	0.709214	6.15779	26.1015
