event	Eta	Phi	pT
149391	0.788622	2.07441	0.909059
149391	0.835679	2.00066	2.76767
149391	1.00393	1.94136	1.12097
149391	0.934915	2.03452	1.1141
149391	0.975836	2.0061	2.86904
149391	1.03158	1.97512	1.42765
149391	0.976892	2.03973	2.68605
149391	1.10462	2.0219	7.38608
149391	1.33088	2.10742	1.29108
149391	1.27897	2.45957	1.725
149391	1.25909	2.43503	3.12812
149391	1.302	2.18699	1.95973
149391	1.25312	2.15673	2.93633
149391	1.07409	2.18809	5.06845
149391	1.04958	2.2251	3.35032e-05
149391	1.04526	2.2877	3.74299
149391	1.10625	2.37077	1.52709
149391	1.15977	2.30624	11.9767
