event	Eta	Phi	pT
143700	1.1567	1.69487	2.07859e-05
143700	1.16519	1.67328	4.81845e-05
143700	1.30066	1.05125	2.94543e-05
143700	1.26798	1.05488	3.53622
143700	1.35564	1.11736	1.45522
143700	1.00312	1.50021	1.94697
143700	1.03815	1.29081	12.9426
143700	1.22976	1.49032	2.67043e-05
143700	1.09853	1.44169	1.33084
143700	1.17887	1.47273	4.12976
143700	1.19364	1.22232	4.20115
143700	1.27527	1.283	2.66748e-05
143700	1.22597	1.2478	7.63441
143700	1.12907	1.40969	0.981725
143700	1.23906	1.25831	3.65632e-05
143700	1.27308	1.37692	2.07556
143700	1.16744	1.39776	7.91624
143700	1.16429	1.36856	5.28018
143700	1.16349	1.28756	1.70039
143700	1.16297	1.34681	3.70839
143700	1.20827	1.31912	26.9743
