event	Eta	Phi	pT
35545	-1.08878	0.801935	5.10538
35545	-1.08602	0.822575	4.26384
35545	-1.19431	0.295298	1.08051
35545	-1.27314	0.402552	1.14361
35545	-1.10041	0.655683	4.85311
35545	-1.09353	0.648823	2.71338
35545	-1.03442	0.643217	3.25929
35545	-1.03627	0.339884	3.29131
35545	-1.18553	0.539737	5.57681
35545	-0.96625	0.506436	9.52393e-05
35545	-1.08401	0.55807	4.10166
35545	-1.16675	0.437109	5.57398e-05
35545	-1.10619	0.417218	8.54114
35545	-1.12817	0.506643	5.36321e-05
35545	-1.07349	0.432615	6.45544e-05
35545	-1.0216	0.467267	5.76888e-05
35545	-1.0342	0.465623	6.61805
35545	-1.05825	0.46461	4.82328e-05
35545	-1.0878	0.503676	2.03081
35545	-1.07805	0.480401	11.0079
