event	Eta	Phi	pT
101041	1.90952	6.26714	0.681651
101041	2.41463	6.12761	0.56426
101041	2.39164	0.156392	2.24456
101041	2.31944	6.1518	0.89379
101041	2.43303	0.0457954	1.5639
101041	2.19744	6.2373	6.78888e-05
101041	2.27792	0.0938087	5.0438
101041	2.22136	0.0508727	0.553356
101041	2.38242	6.24482	1.20279
101041	2.27315	6.23059	7.26239e-05
101041	2.33392	6.27642	2.01063
101041	2.29975	6.25151	4.75905
101041	2.30006	6.27854	7.0093
101041	2.30414	6.00012	19.1868
101041	2.00796	5.86819	3.53743e-05
101041	2.19692	5.99072	6.5282e-05
101041	2.13852	5.93948	0.751346
101041	2.14097	5.98158	0.628795
101041	2.13995	6.02141	5.84483e-05
101041	2.12327	6.00427	15.2704
101041	1.97497	6.15223	4.67685e-05
101041	2.00695	6.09677	10.2311
