event	Eta	Phi	pT
143549	0.52185	2.73689	1.4762
143549	0.333484	3.27913	2.95255
143549	0.220002	3.21712	3.13893
143549	0.314454	3.08146	5.34739e-05
143549	0.277642	3.12192	25.506
143549	0.448018	3.08515	1.60453
143549	0.286523	2.76981	9.99133
143549	0.345125	2.78346	1.21376
143549	0.373159	2.82723	4.07014
143549	0.237326	2.84856	3.30703e-05
143549	0.244196	2.91579	3.18125e-05
143549	0.29591	2.90803	4.41729e-05
143549	0.287997	2.94925	3.84461
143549	0.329094	2.93688	8.88229
143549	0.338547	3.00803	0.000151881
143549	0.327226	2.98219	14.9486
