event	Eta	Phi	pT
51793	1.56838	1.74395	2.71196e-05
51793	1.53375	1.56621	1.24567
51793	1.89315	1.67363	2.55446
51793	1.87622	1.38929	1.62957
51793	1.92826	1.52006	2.96139
51793	1.69854	1.42334	1.65716
51793	1.82711	1.47196	2.65531
51793	1.84663	1.5153	3.28161
51793	1.83998	1.56265	4.47533e-05
51793	1.82661	1.5841	5.51324
51793	1.82801	1.57241	15.6215
51793	1.83107	1.55542	4.28766
51793	1.82555	1.52119	2.35492
51793	1.71164	1.58613	3.28043
51793	1.74626	1.58648	6.16174e-05
51793	1.7502	1.58864	7.57509e-05
51793	1.74951	1.58985	11.2364
51793	1.76961	1.58074	2.84241
51793	1.79744	1.48382	1.39953
51793	1.76531	1.46224	2.12153
51793	1.69821	1.51811	14.6818
51793	1.79895	1.53109	2.38276e-05
51793	1.78706	1.51677	0.000266129
51793	1.76327	1.48645	8.10076e-05
51793	1.73208	1.54891	9.52288e-05
51793	1.74894	1.5494	0.000193837
51793	1.76423	1.54218	0.979982
51793	1.77225	1.5254	18.1375
51793	1.74357	1.51863	64.6405
