event	Eta	Phi	pT
93913	0.880832	5.65201	1.09115
93913	1.10865	5.06107	1.34998
93913	0.895938	5.12126	10.2594
93913	0.890036	5.18297	3.63141
93913	1.05391	5.15219	4.01969
93913	0.974992	5.21326	11.4502
93913	0.875684	5.28609	4.23653e-05
93913	1.11384	5.46904	2.0342
93913	1.01114	5.27753	0.000136596
93913	1.04509	5.31263	4.54095e-05
93913	0.917563	5.31575	1.23419
93913	0.985585	5.31735	9.1016e-05
93913	0.967547	5.31625	6.45868
93913	0.938778	5.36065	1.39226
93913	1.01751	5.36055	0.000140735
93913	0.991484	5.46395	14.3906
93913	0.951957	5.35849	5.36815e-05
93913	0.968037	5.37684	4.59322
