event	Eta	Phi	pT
50353	-0.260656	2.87713	10.4915
50353	-0.185318	2.61607	3.33233e-05
50353	0.260466	2.64493	3.07501e-05
50353	0.108545	2.7157	9.80305e-05
50353	0.113789	2.63975	12.2518
50353	0.284857	2.83207	2.88317
50353	0.142908	3.01861	1.85605
50353	0.0995921	2.9797	3.94247e-05
50353	0.116866	2.72562	3.89309e-05
50353	0.137582	2.94711	2.64094
50353	0.150643	2.74146	0.000142478
50353	0.0573277	2.80401	7.98947
50353	0.099399	2.9159	1.30838
50353	0.0950323	2.85572	1.96627
50353	0.122969	2.84253	2.38334e-05
50353	0.126925	2.85619	10.2685
