event	Eta	Phi	pT
182368	-2.29705	1.12632	3.39124
182368	-2.14764	0.933563	0.712265
182368	-1.94294	1.48986	4.4658
182368	-2.06367	1.43238	1.89446
182368	-2.09444	1.3543	5.0166
182368	-1.73119	1.37695	1.08548
182368	-2.08408	0.965339	2.24634e-05
182368	-1.9642	1.41329	3.34932e-05
182368	-1.68393	1.06979	2.35943
182368	-2.09001	1.20094	2.45951
182368	-1.93955	0.998474	1.70535
182368	-1.94687	1.08844	1.28374
182368	-1.91178	1.09708	6.16837e-05
182368	-1.90133	1.15062	3.06538
182368	-1.89497	1.15647	4.3537e-05
182368	-1.87959	1.15167	16.5512
182368	-1.91628	1.25505	3.47045e-05
182368	-1.90292	1.22879	8.87319
