event	Eta	Phi	pT
184977	-1.02378	2.98835	0.941807
184977	-0.601377	3.11108	2.42665e-05
184977	-0.918727	2.7282	1.78021
184977	-0.598253	3.04425	2.09196
184977	-0.894848	2.80493	4.2432e-05
184977	-0.821806	2.76946	1.94213
184977	-0.701864	2.80397	27.0107
184977	-0.893965	2.87873	2.16237e-05
184977	-0.871212	2.99863	6.26699
184977	-0.874973	2.93645	2.21474
184977	-0.870598	2.97009	1.05386
184977	-0.864123	2.91203	3.75155e-05
184977	-0.738356	3.00102	1.86455
184977	-0.764928	3.01742	12.6395
184977	-0.796809	2.88922	11.9192
184977	-0.749848	2.95864	6.24926e-05
184977	-0.688901	2.96799	3.87685
184977	-0.729205	2.90333	5.59288
184977	-0.70446	2.95147	0.000132501
184977	-0.698383	2.92348	12.8856
