event	Eta	Phi	pT
73336	0.887025	1.49276	4.78417
73336	0.937911	1.99861	0.912013
73336	0.704466	2.06444	3.51985
73336	0.85639	1.99445	8.75069
73336	0.917133	1.62123	9.664e-05
73336	0.688945	1.53112	2.7662
73336	0.787781	1.55861	1.50106
73336	0.753988	1.56324	9.32414
73336	0.664426	2.04881	2.60899e-05
73336	0.876164	1.73926	2.16558e-05
73336	0.798824	1.64735	2.87309e-05
73336	0.777225	1.69958	2.76035
73336	0.64101	1.67969	4.78112e-05
73336	0.76654	1.80008	3.3599
73336	0.706994	1.83839	6.26909e-05
73336	0.616815	1.87179	5.75263
73336	0.669838	1.73807	6.51695e-05
73336	0.678025	1.74368	5.76902e-05
73336	0.699102	1.81278	1.61899
73336	0.63011	1.7634	6.00966e-05
73336	0.641364	1.81431	1.22505
73336	0.635197	1.79957	19.1755
