event	Eta	Phi	pT
99526	-2.11858	0.824753	2.78962
99526	-2.39121	1.11893	1.31956
99526	-2.292	0.918881	1.4374
99526	-1.91229	1.29769	0.583591
99526	-2.13343	0.865694	2.0638e-05
99526	-1.88089	1.20269	2.04614
99526	-2.15373	0.875751	0.475602
99526	-1.90436	1.03095	2.1625
99526	-2.28145	0.965654	0.680551
99526	-2.22813	1.30788	0.681132
99526	-2.2456	1.07968	7.03441
99526	-2.10561	1.00103	2.34777e-05
99526	-2.21696	1.19547	1.02077
99526	-2.17392	1.23088	2.53446
99526	-2.02586	1.17932	2.96506
99526	-2.08873	1.21933	1.35516
99526	-2.08674	1.19944	5.49244
99526	-2.12161	1.19277	0.894006
99526	-2.05041	1.15859	2.66434
99526	-2.1137	1.18482	8.89615e-05
99526	-2.09662	1.18161	4.28303
99526	-2.12063	1.09536	32.3603
