event	Eta	Phi	pT
154431	-0.128403	4.07666	4.52643
154431	-0.480833	4.48679	10.4654
154431	-0.139004	4.34095	2.41462e-05
154431	-0.239543	4.4304	4.45224
154431	-0.27049	4.4393	12.4091
154431	-0.442944	4.40269	6.45488e-05
154431	-0.421764	4.33291	1.82493
154431	-0.393466	4.34057	3.58384
154431	-0.370958	4.36076	1.61625
154431	-0.394066	4.36372	4.34655
154431	-0.403782	4.38415	4.26849
154431	-0.385816	4.38328	5.56773
154431	-0.416214	4.2743	5.73457e-05
154431	-0.27021	4.33467	2.68419
154431	-0.293254	4.31563	4.78727
154431	-0.325756	4.32009	0.000118418
154431	-0.337058	4.28613	16.6558
