event	Eta	Phi	pT
81653	-1.52827	4.82243	5.20038
81653	-1.17372	4.60654	2.23613e-05
81653	-1.68049	4.71467	3.01231e-05
81653	-1.31576	4.25695	1.12739
81653	-1.42147	4.21031	4.87366
81653	-1.42765	4.25614	4.2514e-05
81653	-1.37171	4.30068	3.34839
81653	-1.30054	4.47638	2.10392
81653	-1.45708	4.67706	1.00248
81653	-1.47889	4.65592	6.67779
81653	-1.60152	4.64468	3.7788
81653	-1.71825	4.49464	2.2879
81653	-1.4677	4.27468	2.06624e-05
81653	-1.63551	4.35585	1.0451
81653	-1.52553	4.49523	2.10723e-05
81653	-1.56929	4.54705	4.41656e-05
81653	-1.57872	4.54082	1.19715
81653	-1.58055	4.51864	17.6548
81653	-1.57389	4.34359	4.41192
81653	-1.43837	4.33455	0.000195822
81653	-1.43245	4.44523	21.9017
81653	-1.51735	4.37335	2.07589
81653	-1.53677	4.40781	9.43973
