event	Eta	Phi	pT
150286	-0.971539	1.71829	6.4958
150286	-1.22074	1.85934	0.956498
150286	-0.774748	2.07045	3.34426
150286	-0.900587	1.89392	1.81293
150286	-1.0065	1.94362	0.000128669
150286	-0.990456	1.92336	3.5635e-05
150286	-1.06646	1.91978	7.78551
150286	-1.03098	1.86078	10.4045
150286	-0.902973	1.91246	7.49398e-05
150286	-0.995431	2.17658	6.50763
150286	-1.08203	2.12274	2.63717e-05
150286	-1.0495	2.03725	7.09348
150286	-1.00486	2.12872	1.28056
150286	-0.930968	2.04905	9.08174
150286	-0.997952	2.04207	0.000124029
150286	-0.997099	2.04659	4.35739
