event	Eta	Phi	pT
38371	-0.964944	1.42076	2.49606e-05
38371	-0.76463	1.20754	2.60267
38371	-0.838897	1.50734	2.30533
38371	-0.706699	1.27197	23.6787
38371	-0.756986	1.29345	7.57112e-05
38371	-0.661679	1.32888	4.40895
38371	-0.631886	1.43736	10.195
38371	-0.657707	1.33881	4.89823e-05
38371	-0.792268	1.34163	3.25404e-05
38371	-0.772859	1.33662	0.000280135
38371	-0.767892	1.34713	5.52194e-05
38371	-0.794749	1.41622	8.39458
38371	-0.725237	1.35549	0.000135838
38371	-0.76084	1.3812	10.8943
38371	-0.735661	1.42336	23.8706
38371	-0.720011	1.417	23.8218
