event	Eta	Phi	pT
132794	-1.0188	5.47335	1.64388
132794	-1.13009	5.98451	4.6387
132794	-1.31539	5.57172	1.50669
132794	-1.37552	5.67091	1.2062
132794	-1.19387	5.52015	3.09372e-05
132794	-1.35557	5.74621	1.70351
132794	-1.18751	5.5701	1.09554
132794	-1.20197	5.57969	8.43598
132794	-1.11572	5.89501	3.21358
132794	-1.20203	5.88414	1.65083
132794	-1.21324	5.65155	1.87805
132794	-1.15687	5.67243	2.05926
132794	-1.16997	5.6866	13.6169
132794	-1.11748	5.70832	1.75045
132794	-1.19131	5.72239	4.3641e-05
132794	-1.20818	5.75374	9.61742e-05
132794	-1.15294	5.71863	6.44998e-05
132794	-1.20252	5.80412	3.0987e-05
132794	-1.19151	5.77334	4.27327
132794	-1.19144	5.78763	0.000181324
132794	-1.14285	5.75935	3.88877
132794	-1.13867	5.79557	27.7936
