event	Eta	Phi	pT
50464	1.11906	6.06402	2.30359e-05
50464	1.31274	0.141623	2.56663e-05
50464	1.2488	0.148138	2.64196
50464	1.18128	0.180463	9.59615
50464	1.00655	0.203262	3.61872
50464	0.991675	0.162931	2.69072
50464	0.966307	0.169875	9.95825
50464	1.06423	6.17725	2.64364
50464	0.915758	6.23042	2.48107
50464	1.13834	0.0538342	3.22688e-05
50464	1.0448	0.0154486	9.6905
50464	1.01227	0.0696287	5.82206
50464	1.03819	0.0332059	0.000239091
50464	0.985056	0.0531082	8.46723e-05
50464	1.02564	0.0312636	5.22338
50464	1.00087	0.032239	20.3616
