event	Eta	Phi	pT
178365	2.41436	1.09526	2.95242
178365	2.1883	0.377974	3.04637e-05
178365	2.08707	0.807214	1.23193
178365	2.06945	0.747103	3.14863e-05
178365	2.09494	0.683192	5.58731
178365	2.34001	0.429376	1.06586
178365	2.27829	0.49493	2.38058
178365	2.63161	0.59883	2.72161
178365	2.48785	0.538474	6.90413
178365	2.20482	0.643821	1.21931
178365	2.2178	0.727616	0.516775
178365	2.41882	0.974296	2.44738
178365	2.279	0.855213	4.86076
178365	2.51778	0.741532	9.63659
178365	2.38697	0.736954	4.18689e-05
178365	2.37833	0.791735	3.59355e-05
178365	2.38485	0.767758	9.72438
