event	Eta	Phi	pT
54050	-0.468762	2.34551	10.9163
54050	-0.431309	2.28317	11.1557
54050	-0.339704	2.24837	2.18699e-05
54050	-0.512699	1.87126	2.34894
54050	-0.379838	1.90949	2.16166
54050	-0.415703	2.21651	9.08507e-05
54050	-0.450485	2.20731	7.27634e-05
54050	-0.499702	2.14566	4.50815
54050	-0.461759	2.16536	1.29519
54050	-0.425098	2.15164	1.41791
54050	-0.356392	2.11956	2.35748e-05
54050	-0.508623	2.00065	2.18183e-05
54050	-0.497764	2.0464	5.54516
54050	-0.480011	2.08129	1.31406
54050	-0.429836	2.12023	0.000214338
54050	-0.414217	2.11835	6.34534
54050	-0.468496	2.04658	3.44714e-05
54050	-0.425672	2.07287	0.992637
54050	-0.345847	2.0101	2.68617e-05
54050	-0.399681	2.01729	1.02039
54050	-0.40047	2.01985	23.1155
