event	Eta	Phi	pT
101899	0.629166	3.78028	3.77922
101899	0.583427	3.70517	4.31917
101899	0.503926	3.5869	2.47826
101899	0.653634	3.672	1.65753
101899	0.691682	3.65729	5.19256e-05
101899	0.918477	3.56573	7.68071e-05
101899	0.930131	3.50415	1.19528
101899	0.95444	3.4422	13.0006
101899	0.803133	3.57196	1.45977
101899	0.566038	3.27087	2.08816
101899	0.594433	3.2113	4.14877
101899	0.640246	3.1762	6.90827
101899	0.790765	3.43544	1.81554
101899	0.571128	3.3841	2.7609e-05
101899	0.645676	3.45959	6.40102e-05
101899	0.588174	3.36083	5.75557e-05
101899	0.666824	3.32959	5.69111e-05
101899	0.690104	3.35231	11.958
