event	Eta	Phi	pT
175694	-1.484	1.20198	1.3492
175694	-1.64034	1.27154	2.71391
175694	-1.51924	1.25291	1.78117
175694	-1.43924	1.34145	3.76236
175694	-1.29106	1.60436	8.25834
175694	-1.50805	1.65976	10.4473
175694	-1.32425	1.55393	1.83501
175694	-1.43655	1.40168	5.52082e-05
175694	-1.51993	1.56572	6.82218e-05
175694	-1.47511	1.57382	2.85671e-05
175694	-1.50451	1.52697	4.30694
175694	-1.46966	1.54086	0.000404087
175694	-1.4612	1.49857	3.92021e-05
175694	-1.4631	1.50737	1.75463
175694	-1.46433	1.51262	58.5932
