event	Eta	Phi	pT
43089	-1.57363	5.77154	1.71802
43089	-0.915478	5.94693	2.73014e-05
43089	-1.22143	6.08901	1.65987
43089	-1.21953	6.03446	3.56311
43089	-1.19221	6.03388	4.36917
43089	-0.984572	5.88266	4.5513e-05
43089	-0.972948	5.73012	6.48818
43089	-1.04276	5.68322	4.18197
43089	-1.06917	5.85724	2.99845
43089	-1.26602	5.55925	2.74774
43089	-1.35456	5.58018	1.71591
43089	-1.36307	5.91145	5.50125
43089	-1.28092	5.6154	2.37515e-05
43089	-1.39736	5.78028	1.34079
43089	-1.21747	5.6472	2.26497e-05
43089	-1.2371	5.65371	1.79071
43089	-1.27618	5.85565	5.37565e-05
43089	-1.29603	5.68059	0.000136804
43089	-1.30169	5.79186	5.63024
43089	-1.26305	5.77558	3.49441e-05
43089	-1.26044	5.75138	15.0008
