event	Eta	Phi	pT
115690	-0.907604	1.69396	6.10598
115690	-0.867339	1.83605	1.76619
115690	-0.854407	1.80101	12.0348
115690	-0.767692	1.84783	4.29883
115690	-0.969488	1.9659	6.48691
115690	-0.987762	2.30081	2.427e-05
115690	-0.928204	2.31005	1.7544
115690	-0.673735	2.34428	5.4198e-05
115690	-0.725541	2.2545	1.62976
115690	-0.62532	2.17098	3.50217
115690	-0.64395	2.2088	5.23115
115690	-0.683492	2.20083	2.56915
115690	-0.683894	2.19464	7.53625
115690	-0.770113	1.99918	7.27547e-05
115690	-0.789894	2.02935	6.77713e-05
115690	-0.825592	2.21406	1.5232
115690	-0.823932	2.22018	2.93353
115690	-0.857743	2.02636	3.72526e-05
115690	-0.894903	2.0734	2.45008e-05
115690	-0.840765	2.14312	14.5462
115690	-0.859355	2.07106	0.943577
115690	-0.852448	2.0878	2.72912e-05
115690	-0.831072	2.07428	7.31003
