event	Eta	Phi	pT
152195	2.07388	2.3917	2.70637
152195	2.19471	2.49094	0.800593
152195	2.72165	2.01058	0.720884
152195	2.45073	1.80025	0.584593
152195	2.06365	2.16472	2.55001e-05
152195	2.17241	2.09658	16.8382
152195	2.35766	1.92152	2.63651
152195	2.28619	2.04875	3.70747e-05
152195	2.27841	2.03519	2.24394e-05
152195	2.2587	2.01844	8.96054
152195	2.49985	2.41645	2.80574
152195	2.30747	2.07341	0.507608
152195	2.2985	2.15497	2.13299
152195	2.36492	2.10884	4.74104
152195	2.40438	2.09348	3.63953
152195	2.46721	2.15738	4.71777
152195	2.49287	2.26065	5.62539
152195	2.49947	2.16644	1.68228
152195	2.51359	2.21421	26.7421
