event	Eta	Phi	pT
110016	-0.163096	0.375854	1.54815
110016	0.247798	0.450418	7.22336e-05
110016	0.0834903	0.411116	18.849
110016	0.415814	0.108441	12.8478
110016	0.190929	6.00696	3.76551
110016	-0.104608	0.177109	2.38062e-05
110016	0.0804251	0.265389	6.10251e-05
110016	0.046613	0.233857	5.36105e-05
110016	0.0201692	0.202927	5.6888e-05
110016	0.233939	6.26577	2.37558e-05
110016	0.153577	0.142539	1.22782
110016	0.0654229	0.146507	9.64195e-05
110016	0.122075	0.1348	4.2558
110016	0.202284	0.0244103	2.18962e-05
110016	0.11223	6.21071	2.79892
110016	0.120804	0.1041	6.2421e-05
110016	0.0765022	0.0249139	23.0598
