event	Eta	Phi	pT
153969	0.698086	3.04003	8.39469
153969	0.770993	2.93332	7.3811
153969	0.713112	2.45457	2.14747
153969	0.663435	2.56411	4.17783
153969	0.93969	2.62853	4.20118
153969	0.621257	2.7469	4.94114e-05
153969	0.658199	2.64531	2.25979e-05
153969	0.713804	2.59496	5.85806
153969	0.803296	2.57537	5.16623e-05
153969	0.68073	2.72131	1.35125
153969	0.814554	2.60403	6.84094e-05
153969	0.750697	2.80445	1.91691
153969	0.734508	2.74968	5.29398
153969	0.727551	2.70337	9.35737e-05
153969	0.796738	2.78067	2.32288
153969	0.775558	2.7536	3.12636e-05
153969	0.845612	2.69486	11.4607
153969	0.817761	2.71366	3.92666
