event	Eta	Phi	pT
47628	-1.09465	4.44299	1.70008
47628	-1.01166	4.32948	5.17335
47628	-1.09191	4.3061	4.17233e-05
47628	-1.1543	4.29193	5.57153e-05
47628	-1.14551	4.37205	2.54602
47628	-1.17042	4.30571	3.8811e-05
47628	-1.14368	4.33147	12.903
47628	-1.04667	4.27691	12.2426
47628	-1.27476	4.0669	3.4289
47628	-1.16887	4.25722	7.93119e-05
47628	-1.20874	4.0626	3.68456
47628	-1.16429	4.19496	6.91688e-05
47628	-1.18077	4.1817	3.53311e-05
47628	-1.18034	4.17988	12.9045
47628	-1.09735	4.23046	0.000125292
47628	-1.10726	4.22827	7.46402e-05
47628	-1.06933	4.22169	4.20716e-05
47628	-1.06078	4.09775	5.02779
47628	-1.08631	4.11612	22.7278
