event	Eta	Phi	pT
27458	-0.21318	1.88349	2.71084e-05
27458	-0.274812	1.89846	1.01377
27458	-0.224751	1.73714	0.967917
27458	-0.205162	1.65115	11.4804
27458	-0.229182	1.52419	7.81121e-05
27458	-0.356834	1.55323	5.26938e-05
27458	-0.382788	1.54532	6.3647e-05
27458	-0.385312	1.59353	3.74852e-05
27458	-0.423892	1.65234	17.6073
27458	-0.301557	1.51135	1.76357
27458	-0.480554	1.52967	8.98327
27458	-0.370054	1.53384	0.000167042
27458	-0.40495	1.41716	11.8947
27458	-0.416553	1.5068	2.34029
27458	-0.416738	1.49873	2.49105
