event	Eta	Phi	pT
35047	-0.662117	0.297413	1.07105
35047	-0.388276	0.311365	2.3264
35047	-0.252835	0.214993	2.21474
35047	-0.449267	0.255854	3.29187
35047	-0.493117	5.97044	3.3898
35047	-0.606222	6.1576	2.78921
35047	-0.460558	0.114964	0.893439
35047	-0.57214	6.22541	3.05844
35047	-0.327529	6.22391	3.59569
35047	-0.507821	6.26849	2.73865e-05
35047	-0.452197	6.18855	8.07839
35047	-0.408633	6.1836	5.89425
35047	-0.430797	0.02012	1.12532
35047	-0.40159	0.0117113	5.19152
35047	-0.420639	0.00168305	2.28194e-05
35047	-0.448727	6.25682	3.12562e-05
35047	-0.425314	6.2487	29.5516
