event	Eta	Phi	pT
51108	-1.43514	4.34478	2.00563
51108	-0.900405	4.06796	1.91734
51108	-1.14256	3.72613	2.41895
51108	-1.24076	3.76727	7.89911
51108	-1.51036	4.12001	2.01302
51108	-1.25794	3.85088	1.339
51108	-1.47082	4.1059	2.83552
51108	-1.37826	4.25555	5.19185e-05
51108	-1.35283	3.96948	2.49505e-05
51108	-1.38208	4.08428	3.24316e-05
51108	-1.34622	4.11717	5.85881
51108	-1.21934	4.15186	8.01821
51108	-1.25971	3.98869	4.51069e-05
51108	-1.24466	3.98823	4.46068e-05
51108	-1.22089	4.10077	4.56202
51108	-1.17474	4.05619	3.04047
51108	-1.26734	4.01217	5.3907e-05
51108	-1.25111	4.05731	4.8909
51108	-1.21855	4.04085	13.8305
