event	Eta	Phi	pT
109954	-1.46229	0.226247	1.03168
109954	-0.962396	6.2311	1.49525
109954	-1.39471	5.92166	3.38402
109954	-1.51864	6.13669	2.58359
109954	-1.35318	5.95646	3.30788e-05
109954	-1.31749	6.0146	2.04766e-05
109954	-1.30456	5.98361	8.90691
109954	-1.32471	6.05165	2.1083
109954	-1.15372	6.1403	2.06648
109954	-1.41154	6.23536	1.87756
109954	-1.28015	6.12172	3.11106
109954	-1.38628	6.21199	2.18568e-05
109954	-1.29348	6.15136	4.8637e-05
109954	-1.24392	6.16853	2.01484
109954	-1.2401	6.15714	4.15647
109954	-1.38659	0.0362374	1.10583
109954	-1.33199	0.0995383	2.80996e-05
109954	-1.34837	0.0216825	3.37308
109954	-1.30107	6.21382	6.54529e-05
109954	-1.26216	6.22584	4.70505
109954	-1.23838	0.034399	13.419
