event	Eta	Phi	pT
166045	-1.62794	2.72862	1.25758
166045	-1.41772	2.88519	4.14719
166045	-1.72372	2.87485	1.02134
166045	-1.65459	3.35861	2.80732
166045	-1.55125	2.94611	1.50547
166045	-1.48751	3.09487	4.06856e-05
166045	-1.48191	3.01494	8.37907
166045	-1.46612	3.04241	6.16908
166045	-1.77694	3.11429	1.33548
166045	-1.63827	3.01824	2.37939e-05
166045	-1.68625	3.04071	7.23744
166045	-1.45011	3.11928	5.66355e-05
166045	-1.52618	3.09901	3.18826e-05
166045	-1.50377	3.12656	4.55021e-05
166045	-1.56191	3.08775	2.07403
166045	-1.54572	3.27369	2.71303
166045	-1.53829	3.20044	6.58252
166045	-1.55799	3.12503	7.25568e-05
166045	-1.66241	3.15332	1.44093
166045	-1.63038	3.15389	0.000116331
166045	-1.65847	3.18749	3.00591e-05
166045	-1.63089	3.18505	17.9476
