event	Eta	Phi	pT
50805	1.08392	4.5793	1.23136
50805	1.01743	4.52104	1.05062
50805	0.554316	4.41863	2.82343e-05
50805	0.922571	4.71008	2.40815
50805	0.840536	4.73032	9.63555
50805	0.819139	4.5735	4.09679
50805	0.824186	4.64363	8.81386e-05
50805	0.7594	4.56367	3.75112
50805	0.528288	4.7708	4.85425
50805	0.544451	4.72535	1.22745
50805	0.521121	4.61931	0.857438
50805	0.62746	4.58016	3.32178
50805	0.56313	4.61919	1.30714
50805	0.569485	4.68649	2.63409
50805	0.673255	4.67204	4.0253
50805	0.617183	4.65559	9.41162
50805	0.639045	4.611	1.97647
