event	Eta	Phi	pT
84303	2.00444	1.057	1.92225
84303	1.90069	1.01661	2.22674
84303	2.04654	1.04693	4.06263
84303	2.05324	0.989578	1.95613
84303	1.92389	0.523529	2.05925
84303	2.1463	0.515668	5.51916
84303	1.94781	0.573718	1.12239
84303	2.16289	0.846175	5.87881e-05
84303	2.14729	0.837707	8.51231
84303	1.90936	0.656774	1.59091
84303	2.11536	0.794407	3.06826e-05
84303	2.04153	0.61854	5.41629e-05
84303	2.02291	0.752636	9.40422
84303	2.0448	0.682967	1.43674
84303	2.02068	0.70642	7.00522
84303	2.04703	0.719131	13.7924
