event	Eta	Phi	pT
178684	0.64118	5.97762	3.88897e-05
178684	0.744675	5.98543	6.12526e-05
178684	0.693779	5.96021	5.63642
178684	0.800852	5.98238	2.42112e-05
178684	0.821693	5.95123	0.000102517
178684	0.832117	5.95814	4.4304
178684	0.710209	5.88324	3.58227
178684	0.788934	5.88992	4.0254
178684	0.814334	5.84956	9.94209
178684	0.732872	5.81714	2.56359e-05
178684	0.678928	5.76554	3.12606
178684	0.895749	5.81089	2.14921
178684	0.952402	5.76896	2.96116e-05
178684	0.997035	5.57569	4.25173
178684	0.795909	5.68087	4.63382
178684	0.915078	5.65665	4.83744
178684	0.697894	5.4798	2.80609
178684	0.800255	5.41623	5.07468e-05
178684	0.87639	5.62111	0.000109372
178684	0.899083	5.58271	0.000114745
178684	0.802578	5.47545	3.89177
178684	0.860695	5.51484	2.3255
178684	0.878725	5.51022	10.0812
178684	0.825677	5.49445	3.45012
178684	0.837823	5.57033	4.65628e-05
178684	0.827788	5.54807	15.3849
