event	Eta	Phi	pT
61670	-1.82102	4.88724	3.71886
61670	-1.75187	4.42624	3.57551
61670	-1.91994	4.45462	15.9275
61670	-1.85982	4.79704	2.64542e-05
61670	-1.85671	4.7951	4.81495e-05
61670	-1.77478	4.72332	4.69283
61670	-1.94631	4.50913	3.24477
61670	-1.89967	4.73705	9.39402
61670	-1.81107	4.69476	5.36152e-05
61670	-1.80868	4.69112	6.44757e-05
61670	-1.78362	4.63898	3.08178e-05
61670	-1.81774	4.54132	3.46549
61670	-1.80004	4.612	2.3394
61670	-1.89939	4.68168	1.6561
61670	-1.93762	4.63912	0.924165
61670	-1.92107	4.58437	2.95453
61670	-1.92676	4.60105	0.000247141
61670	-1.91434	4.65149	4.26297e-05
61670	-1.88075	4.57766	7.70094e-05
61670	-1.89764	4.59119	30.9723
61670	-1.86294	4.59249	11.231
61670	-1.85643	4.60067	8.3182
61670	-1.89552	4.64509	7.36684
61670	-1.85629	4.63964	2.2443
61670	-1.86382	4.63628	43.2913
