event	Eta	Phi	pT
118734	-1.24512	0.690255	3.68994
118734	-1.45072	0.134099	1.56
118734	-1.35637	0.143658	6.23192
118734	-1.37391	0.207004	1.19785
118734	-1.27244	0.499081	5.29133e-05
118734	-1.3833	0.259137	3.26258
118734	-1.32647	0.290997	0.000105821
118734	-1.27065	0.392811	2.94198e-05
118734	-1.3507	0.312134	3.06461e-05
118734	-1.29223	0.349545	3.54102
118734	-1.31534	0.441577	1.4392
118734	-1.31862	0.435211	6.17485
118734	-1.29543	0.378037	4.40115
118734	-1.34282	0.337541	0.000141988
118734	-1.32593	0.354602	6.79499e-05
118734	-1.39478	0.352402	4.13327e-05
118734	-1.32043	0.37775	0.000155386
118734	-1.36702	0.351286	3.58337
118734	-1.36288	0.375159	3.97357
118734	-1.3618	0.382701	50.4254
