event	Eta	Phi	pT
87550	-1.5373	4.80773	3.66548
87550	-1.90086	5.1791	1.5223
87550	-1.76502	5.26626	1.04265
87550	-1.5911	5.3168	1.78124
87550	-1.63772	5.25942	1.68246
87550	-1.67006	5.24965	5.53517
87550	-1.67335	5.20962	3.7631e-05
87550	-1.63128	5.18343	4.23558
87550	-1.56795	5.17006	2.27257
87550	-1.64464	5.1325	2.61157
87550	-1.52978	5.04515	3.06287e-05
87550	-1.59772	5.1016	12.1207
87550	-1.58938	4.98332	3.9444
87550	-1.58021	5.08272	5.06143e-05
87550	-1.64389	5.05888	1.18185
87550	-1.62334	5.06109	8.66056e-05
87550	-1.61859	5.02907	8.61168
87550	-1.60503	5.04369	15.8818
