event	Eta	Phi	pT
174109	-0.350499	1.96931	2.3986
174109	-0.402083	1.94328	4.18495
174109	-0.387063	1.9532	3.8291
174109	-0.391037	1.44133	2.47537
174109	-0.57143	1.84788	2.88301e-05
174109	-0.494556	1.50122	2.3693
174109	-0.56431	1.81072	4.19189e-05
174109	-0.491559	1.83541	5.78044
174109	-0.451996	1.50826	2.42448
174109	-0.259821	1.60929	0.986099
174109	-0.281998	1.76428	6.40094
174109	-0.386557	1.78449	2.44162
174109	-0.487217	1.75441	0.910317
174109	-0.317301	1.72136	1.81483
174109	-0.411093	1.75898	1.86818
174109	-0.452486	1.75088	3.83203
174109	-0.475551	1.724	5.92666e-05
174109	-0.502431	1.6885	4.54337e-05
174109	-0.503788	1.60056	1.20752
174109	-0.468985	1.71176	6.63179e-05
174109	-0.410916	1.71516	1.50495
174109	-0.358898	1.56698	6.15911e-05
174109	-0.338193	1.5965	3.90902e-05
174109	-0.432796	1.5912	6.20047
174109	-0.399897	1.61311	1.13109
174109	-0.39686	1.62352	5.92064
174109	-0.423165	1.65576	2.82233e-05
174109	-0.387064	1.64629	0.969882
174109	-0.402406	1.66776	0.000108572
174109	-0.395619	1.66207	9.84799
