event	Eta	Phi	pT
10115	-2.28681	0.22713	2.3116
10115	-2.29196	5.84378	0.75559
10115	-2.16926	5.8549	1.00086
10115	-2.0711	6.00089	5.85265
10115	-2.27785	0.0488035	2.19155e-05
10115	-2.07051	6.06629	3.73367e-05
10115	-2.07374	6.06899	2.59249e-05
10115	-2.10901	6.06026	2.44319
10115	-2.08798	6.22677	15.7576
10115	-2.15209	0.00192883	0.840928
10115	-2.34818	6.12472	0.672097
10115	-2.13217	6.17786	0.675707
10115	-2.15683	6.14013	5.1706
10115	-2.21294	6.10647	0.000129535
10115	-2.19372	6.12883	0.462012
10115	-2.27917	6.13523	2.58048
10115	-2.22561	6.1573	2.64743
10115	-2.22628	6.16364	0.893042
10115	-2.23176	6.16505	1.47106
10115	-2.24116	6.16297	31.7355
