event	Eta	Phi	pT
153708	-1.38318	2.63575	3.07327
153708	-1.31113	2.22392	6.94738
153708	-1.97173	2.12514	1.8664
153708	-1.71752	2.03714	11.8805
153708	-1.32052	2.43471	3.33535e-05
153708	-1.39648	2.57847	6.2694
153708	-1.42776	2.60262	2.11137
153708	-1.77057	2.06635	4.46771e-05
153708	-1.98287	2.3258	2.34555e-05
153708	-1.59239	2.09198	1.37812
153708	-1.75215	2.08599	8.97325e-05
153708	-1.52748	2.62945	3.53341e-05
153708	-1.67351	2.66704	1.99549
153708	-1.77162	2.15735	10.4165
153708	-1.92824	2.40663	0.662802
153708	-1.65776	2.14711	1.78365
153708	-1.71024	2.16824	0.000119414
153708	-1.76593	2.19045	9.91855
153708	-1.74375	2.22045	1.45681
153708	-1.59639	2.21914	4.91958e-05
153708	-1.60874	2.226	2.08624e-05
153708	-1.84225	2.3592	2.62662
153708	-1.7729	2.2783	14.3704
153708	-1.70997	2.26095	1.10164
153708	-1.60253	2.26041	1.61021
153708	-1.55224	2.2831	4.33216e-05
153708	-1.47008	2.44915	2.80555
153708	-1.49269	2.36839	6.90265
153708	-1.81656	2.37182	1.61342
153708	-1.78115	2.38143	1.32216
153708	-1.78053	2.47113	4.50947e-05
153708	-1.5745	2.52909	2.08362e-05
153708	-1.70425	2.55471	2.21065
153708	-1.56853	2.43948	5.17349
153708	-1.72659	2.40194	6.06598
153708	-1.74386	2.4425	0.000105102
153708	-1.61746	2.5228	0.991903
153708	-1.71824	2.501	8.79659e-05
153708	-1.71076	2.43974	8.08305e-05
153708	-1.68469	2.5048	1.95415
153708	-1.6968	2.43361	0.000123373
153708	-1.67454	2.49768	9.88584e-05
153708	-1.68517	2.43094	1.69135
153708	-1.6482	2.48616	2.66382
153708	-1.68394	2.45543	6.03623
153708	-1.66106	2.43349	2.75174e-05
153708	-1.65676	2.44806	6.611
153708	-1.65541	2.45996	43.9673
