event	Eta	Phi	pT
42745	1.47754	3.63703	1.62316
42745	1.70459	3.8833	3.23598
42745	1.66934	3.8564	3.25333
42745	1.84408	3.89241	3.68572
42745	1.69849	3.82954	3.17979
42745	2.13325	3.56493	4.47969
42745	2.03441	3.76244	1.24205
42745	2.07169	3.47809	4.94948e-05
42745	1.89017	3.36992	2.99149e-05
42745	1.92116	3.39703	7.96952
42745	1.96491	3.51604	5.63417e-05
42745	1.98016	3.54655	10.1157
42745	1.87682	3.52161	1.52867
42745	1.86519	3.57599	3.72451
42745	1.65798	3.64009	6.93292e-05
42745	1.77064	3.62435	1.13116
42745	1.7944	3.67972	1.70567
42745	1.74546	3.68876	3.69438
42745	1.71763	3.68053	5.27624
42745	1.80949	3.58594	1.90273
42745	1.74699	3.55591	7.70514
