event	Eta	Phi	pT
12646	-1.62709	1.72215	1.58216
12646	-1.70271	1.75978	3.56873
12646	-1.79664	2.35625	4.94293
12646	-1.49761	2.36126	1.52685
12646	-1.44334	1.94482	2.8467
12646	-1.67935	2.35672	3.28194
12646	-1.66105	1.92634	9.11434
12646	-1.78148	2.26403	4.35264e-05
12646	-1.6072	2.02142	5.88607
12646	-1.63201	2.16772	1.01194
12646	-1.67795	2.10531	2.06848e-05
12646	-1.64448	2.07468	1.25346
12646	-1.64278	2.09492	25.552
12646	-1.71818	2.26129	3.53327e-05
12646	-1.72009	2.2108	5.49574e-05
12646	-1.68008	2.17115	6.13962e-05
12646	-1.68072	2.17905	4.34516e-05
12646	-1.64813	2.26226	7.41762e-05
12646	-1.64457	2.243	3.85281e-05
12646	-1.66807	2.22237	13.4209
12646	-1.64929	2.23065	7.51209
