event	Eta	Phi	pT
94230	-1.16218	6.19567	2.49452
94230	-1.33698	0.132666	1.0136
94230	-1.04918	0.417644	1.93289
94230	-0.908422	0.166669	2.10372
94230	-1.04702	0.0461442	3.9229
94230	-1.19448	0.125471	4.24533
94230	-1.07037	0.112263	1.80141
94230	-1.15685	0.226652	2.26218e-05
94230	-1.09035	0.142266	7.08693
94230	-0.98323	0.200259	0.000115293
94230	-1.03843	0.159302	1.29778
94230	-1.10164	0.27095	3.79573e-05
94230	-1.06844	0.282521	3.36467
94230	-1.07631	0.211339	5.5184
94230	-1.05778	0.237757	21.1631
94230	-1.03335	0.219482	7.91142
