event	Eta	Phi	pT
5821	1.85116	1.11493	0.937301
5821	2.0817	0.63993	6.77159
5821	2.03371	0.567411	1.60239
5821	1.97118	0.942352	2.09775
5821	2.02281	0.861764	3.22394
5821	1.77971	0.97226	3.47842
5821	1.70043	0.94981	3.26059
5821	2.0278	0.626135	2.4032
5821	1.70253	0.633221	2.24254
5821	1.70729	0.59995	1.10327
5821	1.67821	0.60967	12.3079
5821	1.77968	0.557939	1.01358
5821	1.96646	0.767359	2.83315e-05
5821	1.92161	0.825588	9.69433
5821	1.81257	0.863218	4.07338e-05
5821	1.93821	0.697399	0.728933
5821	1.92157	0.764687	0.000106883
5821	1.8659	0.803205	1.10851
5821	1.77358	0.781175	8.16423
5821	1.80537	0.7673	3.97085
5821	1.83848	0.747624	4.79791
5821	1.82952	0.756737	5.28719
5821	1.72584	0.672797	8.35436e-05
5821	1.73696	0.686781	2.4423
5821	1.88268	0.6947	4.98485e-05
5821	1.8098	0.610393	1.47378
5821	1.77224	0.659695	3.57873e-05
5821	1.80791	0.677371	14.0916
5821	1.83139	0.67796	4.18896
