event	Eta	Phi	pT
179632	1.643	3.01298	1.90974
179632	1.64337	2.97228	2.21404
179632	1.8259	2.87626	1.92975
179632	1.89316	2.77289	2.87684
179632	1.57517	2.8279	3.27186
179632	1.5787	2.79775	3.73452
179632	1.56989	2.52666	1.95057
179632	1.64393	2.77089	1.52699
179632	1.63849	2.75762	2.557
179632	1.64739	2.74409	4.83935e-05
179632	1.68707	2.70741	5.50811
179632	1.69659	2.69879	2.80137
179632	1.71506	2.58826	2.47381
179632	1.67909	2.67646	4.82834e-05
179632	1.64401	2.68658	0.00023548
179632	1.59928	2.67577	1.58271
179632	1.6262	2.59343	2.79592
179632	1.61073	2.61045	2.0385e-05
179632	1.62686	2.62642	17.051
