event	Eta	Phi	pT
2879	-1.25949	3.58912	1.89843
2879	-1.27021	3.58975	1.89666
2879	-1.70325	3.68589	3.9165e-05
2879	-1.64238	3.73397	8.39858
2879	-1.42352	3.63826	1.75616
2879	-1.48472	3.65777	1.32627
2879	-1.29853	3.3291	4.14644
2879	-1.41405	3.12297	3.32885e-05
2879	-1.38102	3.34083	2.03322
2879	-1.43785	3.33391	3.20186e-05
2879	-1.46663	3.35314	1.69643
2879	-1.55959	3.31616	9.16014e-05
2879	-1.62763	3.57055	3.83756e-05
2879	-1.58866	3.38843	4.23254e-05
2879	-1.64102	3.52223	2.53718
2879	-1.67461	3.36013	0.000121625
2879	-1.69311	3.48842	2.56606
2879	-1.62845	3.42696	8.37204e-05
2879	-1.68317	3.432	17.2062
2879	-1.54643	3.25325	2.56894e-05
2879	-1.56596	3.22004	7.81981
2879	-1.70268	3.30496	5.9639e-05
2879	-1.65174	3.26088	11.1771
