event	Eta	Phi	pT
105112	0.785103	0.292072	2.19223
105112	0.882187	0.401685	2.96423e-05
105112	1.32629	0.374988	2.3542e-05
105112	1.30785	0.378082	1.13196
105112	1.3539	0.132304	2.30323
105112	0.985759	6.23851	2.76226e-05
105112	0.859094	0.189822	0.998862
105112	1.13646	0.261554	15.8453
105112	1.06882	0.234833	19.6286
105112	1.0977	0.233186	9.65173
105112	1.14416	0.194159	0.000315065
105112	1.12965	0.171863	0.000435797
105112	1.13375	0.172041	0.000115088
105112	1.13635	0.158753	35.3689
105112	1.07416	0.193715	0.000150403
105112	1.08091	0.151096	79.0301
