event	Eta	Phi	pT
42235	-1.13151	4.091	1.73258
42235	-1.17233	4.04043	5.52457e-05
42235	-1.15462	3.99931	2.7433
42235	-1.24533	3.99252	1.20232
42235	-1.13965	3.8849	1.05273
42235	-1.25661	3.9504	2.99184e-05
42235	-1.18811	3.9517	0.000109618
42235	-1.23233	3.92729	1.20408
42235	-1.20371	3.92051	16.9721
42235	-1.63153	4.05052	2.66463
42235	-1.21945	4.15191	1.52705
42235	-1.26836	4.15391	4.39029
42235	-1.33754	4.34759	8.12717
42235	-1.31933	4.229	7.61816e-05
42235	-1.45662	4.27151	11.634
42235	-1.39529	4.24537	0.000163422
42235	-1.38542	4.22107	8.17465
