event	Eta	Phi	pT
19905	2.41795	2.4249	4.62048
19905	2.18804	2.51229	3.24115
19905	1.83104	2.0107	3.65121
19905	2.11681	1.85224	2.26808
19905	2.41466	2.23469	0.53201
19905	1.85117	2.14973	1.18514
19905	2.22173	2.40234	2.72868e-05
19905	2.08116	2.02046	2.13352e-05
19905	2.07084	1.9924	3.72468
19905	2.06636	2.00631	3.6339
19905	2.25402	2.0382	0.789131
19905	1.99423	2.37221	2.43863e-05
19905	2.29383	2.12225	1.5087
19905	2.30011	2.1732	0.000128608
19905	2.18913	2.22087	1.90727
19905	2.25202	2.22245	11.6742
19905	2.11384	2.33636	7.74487
19905	2.14093	2.26067	7.99441
19905	1.96762	2.1099	4.48661
19905	2.07957	2.26991	7.1556e-05
19905	2.16373	2.17001	4.74555e-05
19905	2.13002	2.15806	6.07571
19905	2.09643	2.10372	7.10904e-05
19905	2.05666	2.10251	7.21992e-05
19905	2.04392	2.16115	15.6338
