event	Eta	Phi	pT
2896	1.31188	4.39484	3.04898e-05
2896	1.33037	4.40835	12.2942
2896	1.39031	3.96377	4.36091
2896	1.33773	4.33533	0.00019501
2896	1.12408	3.95052	10.3725
2896	1.23531	4.04313	0.000107072
2896	1.23342	4.00617	9.39819
2896	1.33225	4.21426	3.08069e-05
2896	1.32754	4.1797	2.99671
2896	1.25699	4.33601	2.91933
2896	1.28049	4.2029	2.77537
2896	1.21703	4.27257	1.19601
2896	1.11934	4.09688	7.86239e-05
2896	1.10078	4.15409	6.67279
2896	1.11585	4.17591	6.26078
2896	1.15157	4.17576	0.000144918
2896	1.14078	4.21596	20.6474
