event	Eta	Phi	pT
99309	1.0569	3.27501	3.42887
99309	1.27015	3.28182	1.62026
99309	1.06504	3.32743	3.38952
99309	1.37859	3.38079	3.65612e-05
99309	1.39157	3.37891	4.63401
99309	1.39982	3.45639	2.69985e-05
99309	1.4576	3.68091	2.43091
99309	1.20328	3.42169	4.1013e-05
99309	1.23317	3.44514	6.53775
99309	1.31107	3.85907	1.28505
99309	1.13865	3.87374	4.74693
99309	1.18561	3.82917	6.9694
99309	1.06435	3.58585	2.78028e-05
99309	1.07704	3.76194	2.52655e-05
99309	1.05868	3.6556	5.27463
99309	1.22621	3.5412	0.000113481
99309	1.08582	3.72535	5.70596e-05
99309	1.29015	3.57995	2.56263e-05
99309	1.17716	3.73306	0.000111058
99309	1.15336	3.68255	9.79036
99309	1.25638	3.72868	4.64249e-05
99309	1.18249	3.63141	1.55975
99309	1.19176	3.68836	0.00012678
99309	1.20744	3.68946	3.51872e-05
99309	1.22046	3.68462	12.8494
99309	1.2574	3.62692	0.000139257
99309	1.24503	3.64482	8.77337
