event	Eta	Phi	pT
155900	-0.175652	5.05423	1.72493
155900	-0.25662	4.45331	2.53351
155900	-0.279669	4.91599	2.46238
155900	-0.485188	4.86575	5.65121
155900	-0.212332	4.85713	2.68244e-05
155900	-0.334459	4.87343	4.75071e-05
155900	-0.33935	4.83512	4.99584
155900	-0.388602	4.82843	4.79436e-05
155900	-0.369607	4.84911	7.03651
155900	-0.48393	4.646	3.73346e-05
155900	-0.281794	4.793	6.73366e-05
155900	-0.22944	4.68774	3.12571e-05
155900	-0.237306	4.6521	1.87335
155900	-0.250825	4.65474	2.50753e-05
155900	-0.328006	4.78099	0.987292
155900	-0.27214	4.71389	5.01527
155900	-0.412724	4.62452	1.76461
155900	-0.359141	4.68378	8.76323
155900	-0.373459	4.68306	9.42733
