event	Eta	Phi	pT
133081	-0.229583	5.33756	0.000101676
133081	-0.173977	5.44118	4.04717
133081	-0.0860041	5.31404	8.64716e-05
133081	0.0315044	5.68595	6.37731e-05
133081	-0.0109474	5.33794	4.35491
133081	-0.0916169	5.52225	8.98853e-05
133081	-0.0537346	5.47282	7.01129
133081	0.0185763	5.39485	2.40611
133081	0.0408157	5.60986	2.47917
133081	0.0984317	5.60391	3.24841
133081	0.0745758	5.59403	2.83037e-05
133081	0.0443366	5.45356	3.50542e-05
133081	0.104534	5.47054	26.1437
133081	0.114801	5.53396	0.00019806
133081	0.0442495	5.46786	2.30896e-05
133081	0.0623348	5.50269	0.000259676
133081	0.0553328	5.5142	2.74266
133081	0.0636305	5.51602	32.1274
