event	Eta	Phi	pT
46744	1.91712	4.40576	3.76377e-05
46744	2.15783	4.29178	0.840764
46744	1.96016	3.8523	2.82531
46744	1.81856	4.06114	0.938732
46744	1.85807	4.01304	3.78403
46744	1.89436	3.99978	2.72873
46744	1.9966	4.23487	2.98249e-05
46744	1.98918	4.19604	3.92257
46744	1.95736	4.0001	5.77163e-05
46744	1.92138	4.08301	3.19864e-05
46744	1.95665	4.08854	2.33011e-05
46744	1.9435	4.06735	13.2863
46744	2.07432	4.18458	2.59534
46744	2.04832	4.16569	0.000132796
46744	2.14991	4.04241	2.6813
46744	2.09408	3.98568	6.1806e-05
46744	2.08239	4.11163	1.06278
46744	2.06564	4.06644	0.831597
46744	2.06256	4.06313	18.3608
