event	Eta	Phi	pT
136698	-1.54047	5.96831	4.25874
136698	-1.43133	0.259063	3.45573
136698	-1.61944	0.135004	2.30666
136698	-1.53243	0.162171	1.74427
136698	-1.45447	0.157341	13.0392
136698	-1.57505	6.06108	1.22506
136698	-1.4547	0.0725373	8.07063e-05
136698	-1.39535	0.0088275	4.78078
136698	-1.6298	6.20787	1.73242
136698	-1.56231	0.0208057	3.1633e-05
136698	-1.53336	0.0284746	1.80032
136698	-1.44491	0.00980709	0.996762
136698	-1.48841	0.0251074	0.000178192
136698	-1.446	6.26222	2.7035e-05
136698	-1.57028	6.19786	3.07377e-05
136698	-1.54502	6.16376	3.50769e-05
136698	-1.51591	6.25448	2.82163
136698	-1.49869	6.24791	3.4092e-05
136698	-1.50015	6.20549	23.7856
