event	Eta	Phi	pT
190029	0.783955	5.15168	5.455
190029	0.742256	5.27664	6.2044e-05
190029	0.686727	5.34978	3.76747
190029	0.803449	5.35712	5.30222e-05
190029	0.745273	5.35111	2.73302
190029	0.762121	5.3571	4.59711
190029	0.768067	5.36243	4.6899
190029	0.921993	5.64777	9.94025
190029	0.824071	5.39359	1.7784
190029	0.820943	5.47738	4.16293e-05
190029	0.821528	5.46969	2.31844e-05
190029	0.896053	5.40195	4.91576
190029	0.858571	5.4536	7.17564
190029	0.886138	5.47554	0.000165013
190029	0.894096	5.52426	4.23493e-05
190029	0.944351	5.50224	5.1396e-05
190029	0.933665	5.50298	17.5226
