event	Eta	Phi	pT
140897	0.940162	1.51807	1.54803
140897	0.618859	1.5188	5.25628
140897	0.598669	1.94199	4.27206
140897	0.621641	1.91654	0.873224
140897	0.7197	1.90217	3.95346
140897	0.555532	1.83445	0.875469
140897	0.702912	1.85218	1.07603
140897	0.589326	1.82075	5.07835e-05
140897	0.683069	1.84246	4.3461e-05
140897	0.61214	1.78499	2.92744
140897	0.602255	1.69523	2.57261
140897	0.660416	1.78698	4.25714
140897	0.619887	1.68964	2.69545e-05
140897	0.648293	1.66891	1.81465
140897	0.63013	1.6866	4.47027
140897	0.639921	1.69369	4.15945
140897	0.666454	1.77554	2.8452e-05
140897	0.663679	1.74921	3.46742
140897	0.690555	1.72781	25.8966
