event	Eta	Phi	pT
64977	0.153152	6.26263	2.52787
64977	-0.0397115	6.16128	1.08171
64977	0.158053	6.22298	1.88057
64977	0.0286974	6.18938	0.933047
64977	0.0238444	6.15776	2.59586
64977	-0.0131747	6.05442	4.63333
64977	0.0913138	6.18407	3.03359e-05
64977	0.0235378	5.98444	3.53727
64977	0.0741355	6.1279	5.15157e-05
64977	0.0989289	6.12531	1.92656
64977	0.0785248	6.089	6.29228
64977	0.124462	5.96988	16.6791
64977	0.109819	6.03373	3.98035e-05
64977	0.129613	6.00638	0.000144585
64977	0.156509	6.08689	0.000192447
64977	0.13655	6.05372	0.000179569
64977	0.1384	6.04689	9.76863e-05
64977	0.169799	6.05076	49.8622
