event	Eta	Phi	pT
147106	0.155905	4.68138	0.908808
147106	0.17501	4.6274	5.64246
147106	0.21997	4.16952	1.16517
147106	0.425388	4.62402	2.26899
147106	0.227416	4.50652	4.12338e-05
147106	0.379356	4.2339	3.20035
147106	0.256314	4.31512	7.01397
147106	0.257797	4.46217	3.57617e-05
147106	0.446633	4.43406	4.58377
147106	0.429111	4.45116	1.04586
147106	0.409053	4.49535	16.4345
147106	0.482536	4.37567	1.5303
147106	0.413939	4.29575	1.43207
147106	0.434689	4.36057	9.01013e-05
147106	0.397141	4.40833	0.000190658
147106	0.330272	4.39189	1.69204
147106	0.36755	4.38082	21.6107
