event	Eta	Phi	pT
73042	-1.12387	2.96159	4.00231e-05
73042	-1.05765	3.44149	3.88914
73042	-1.0616	3.02275	3.75128e-05
73042	-1.08995	3.02639	8.47774
73042	-0.709109	2.97004	2.27731e-05
73042	-1.11123	3.07365	0.936891
73042	-1.01954	2.97636	7.27131e-05
73042	-0.982592	2.96693	1.47586
73042	-0.917603	2.95482	2.6376
73042	-0.896167	2.96979	6.06712
73042	-1.07903	3.15806	3.81681
73042	-1.05926	3.24949	3.2269e-05
73042	-1.0394	3.17458	1.26751
73042	-1.00229	3.1107	10.8287
73042	-1.01453	3.16828	1.24863
73042	-0.922229	3.07548	2.97171e-05
73042	-0.885749	3.06286	6.10772
73042	-0.935434	3.10099	7.38598e-05
73042	-0.890621	3.44687	2.90949e-05
73042	-0.98848	3.31575	3.84904e-05
73042	-0.960727	3.21473	4.85567
73042	-0.918603	3.15047	2.59106
73042	-0.902934	3.40205	3.41467e-05
73042	-0.90583	3.17136	1.24475
73042	-0.762169	3.41117	1.87192
73042	-0.905022	3.24454	1.62842
73042	-0.731793	3.17094	4.26483
73042	-0.873461	3.3448	2.57422
73042	-0.762421	3.387	2.6209e-05
73042	-0.700656	3.29205	3.44685
73042	-0.845256	3.31891	3.00458
73042	-0.799619	3.21134	1.43282
73042	-0.760829	3.34902	4.69385e-05
73042	-0.799013	3.33773	1.74995
73042	-0.806169	3.28188	3.89899
73042	-0.773862	3.27196	16.4651
73042	-0.765458	3.28407	5.81914
