event	Eta	Phi	pT
35543	0.178233	1.93167	2.66749
35543	0.0013437	2.32024	6.35066e-05
35543	-0.0578971	2.3013	3.52505e-05
35543	0.0115137	2.00058	0.000101528
35543	0.0477831	1.9943	16.8359
35543	0.00291304	2.28916	9.56659e-05
35543	-0.00349903	2.2789	3.88387e-05
35543	-0.0631494	2.10037	3.15545
35543	0.0262486	2.20448	18.6952
35543	0.0773759	2.06004	0.000107892
35543	0.0130566	2.08291	8.91723e-05
35543	0.0259281	2.11073	7.14843e-05
35543	0.0412731	2.12452	0.00013164
35543	0.0406387	2.11925	30.6582
