event	Eta	Phi	pT
68945	2.86102	6.24841	0.706683
68945	2.17644	6.24398	0.819444
68945	2.38947	0.177745	7.79814
68945	2.35368	6.18315	3.95141
68945	2.37768	0.127795	2.39168e-05
68945	2.33027	6.28113	0.968139
68945	2.33827	0.00412471	17.5836
68945	2.43825	0.12017	4.29013e-05
68945	2.43631	0.0944463	2.87627e-05
68945	2.47061	0.0764473	8.82179e-05
68945	2.5001	0.0857954	7.92452
68945	2.45995	0.0339025	3.82347e-05
68945	2.48435	6.24322	2.42721
68945	2.52828	6.23311	4.3627
68945	2.56409	6.23487	8.2184
68945	2.57061	0.0013968	26.116
