event	Eta	Phi	pT
91472	0.323476	0.637609	1.14798
91472	0.29539	0.66162	19.0736
91472	0.627612	0.562855	4.32703
91472	0.687406	0.612321	6.11314
91472	0.788098	0.757043	2.37123e-05
91472	0.745425	0.927102	6.78571e-05
91472	0.751611	0.806794	4.1626
91472	0.664133	0.94946	11.422
91472	0.649313	0.706237	5.79232e-05
91472	0.565725	0.640038	2.06953
91472	0.663099	0.837643	0.000119468
91472	0.631004	0.723617	8.31002e-05
91472	0.323888	0.849173	3.68573e-05
91472	0.503585	0.965308	2.78629e-05
91472	0.62639	0.808007	2.75069e-05
91472	0.61894	0.788706	2.31271e-05
91472	0.514182	0.711119	7.70388e-05
91472	0.404056	0.889384	2.49688e-05
91472	0.457228	0.814963	13.1991
91472	0.462789	0.821187	16.3689
91472	0.503934	0.803711	0.000140858
91472	0.513673	0.822913	22.3112
