event	Eta	Phi	pT
109632	1.58602	6.06032	3.33245
109632	1.00173	5.71206	2.82109e-05
109632	1.31683	5.72409	3.87459
109632	1.27788	5.7148	1.89795
109632	1.19612	6.14111	2.89874e-05
109632	1.34293	5.99002	1.29984
109632	1.21724	5.84979	2.24569
109632	1.31261	5.91508	2.96216
109632	1.33306	5.97585	2.01243e-05
109632	1.30517	5.9345	2.9731
109632	1.21182	5.87877	5.57121e-05
109632	1.10471	5.94502	7.83311
109632	1.25855	5.91829	3.57234e-05
109632	1.26754	5.94613	1.22731
109632	1.25206	6.04833	5.03787
109632	1.1888	5.93082	0.000108585
109632	1.18292	5.95209	25.0332
109632	1.23034	5.98686	1.4029
109632	1.20303	5.98903	32.1832
109632	1.2099	6.01809	29.9714
109632	1.23049	6.01261	7.76636
