event	Eta	Phi	pT
116505	-0.720111	3.53459	2.61093e-05
116505	-0.584785	3.54893	8.67928
116505	-0.812718	3.88434	3.22124
116505	-0.42805	3.86266	4.81088e-05
116505	-0.575315	3.64843	6.04316e-05
116505	-0.685948	3.72379	13.6815
116505	-0.720309	3.88082	1.66413
116505	-0.59896	3.94639	6.68732
116505	-0.541279	3.8714	6.40449
116505	-0.559337	3.71078	4.39109e-05
116505	-0.666773	3.80699	5.06503e-05
116505	-0.543498	3.79285	5.61173e-05
116505	-0.590571	3.7767	0.000186308
116505	-0.594754	3.79094	14.191
