event	Eta	Phi	pT
131461	-2.31119	1.03635	3.07392
131461	-1.90274	0.670947	0.661298
131461	-2.05478	1.2279	2.48407
131461	-1.8391	1.20977	15.0503
131461	-1.82583	0.794002	2.26647
131461	-2.05393	1.19256	2.59938e-05
131461	-2.04112	1.14566	1.13045
131461	-2.10099	0.961813	7.52315
131461	-1.81906	1.04572	3.25494e-05
131461	-1.90745	0.886924	4.54627e-05
131461	-1.91805	0.915619	18.7947
131461	-1.8644	1.13232	5.77253e-05
131461	-1.93958	1.13657	2.40159
131461	-2.03724	1.05204	1.51886
131461	-1.91465	1.06972	5.02506
131461	-1.98702	1.03507	3.11363
131461	-1.95161	1.05131	6.47595
131461	-1.90587	1.01288	8.99449e-05
131461	-1.93473	1.03818	4.95043
131461	-1.95902	1.01554	3.05377
131461	-1.94532	0.997103	9.77182
