event	Eta	Phi	pT
13864	-1.4969	4.54021	5.24657
13864	-1.54505	4.4678	2.18189e-05
13864	-1.89641	4.77448	2.61754e-05
13864	-2.08722	4.57346	1.36726
13864	-1.69102	4.5856	1.25138
13864	-1.85406	4.66599	0.655184
13864	-2.0856	4.54071	0.795526
13864	-2.05752	4.5536	1.71461
13864	-1.98757	4.61622	1.31572
13864	-1.80404	4.59419	9.3091
13864	-2.04048	4.45407	3.00156
13864	-1.97451	4.26204	1.63768
13864	-1.76697	4.52094	3.99152e-05
13864	-1.89708	4.27357	0.608868
13864	-1.94507	4.45268	1.11217
13864	-1.83874	4.47298	0.000210005
13864	-1.85358	4.36545	24.4532
13864	-1.89325	4.43143	7.69214
13864	-1.88679	4.44256	6.76483
