event	Eta	Phi	pT
180705	-1.8385	1.43825	0.952206
180705	-1.58744	1.5297	2.02052e-05
180705	-1.76787	1.44923	1.72297
180705	-1.76422	2.20086	1.20591
180705	-1.51403	1.74552	3.07642
180705	-1.58781	1.96712	2.62809
180705	-1.99792	2.09852	1.05476
180705	-2.08672	1.98005	0.693742
180705	-1.76475	2.05049	3.4733
180705	-1.68367	1.85457	6.31246
180705	-1.70061	1.81163	1.3725
180705	-1.98513	1.92621	1.59413
180705	-1.7822	1.80313	5.29232e-05
180705	-1.80759	1.83398	3.89681
180705	-1.82955	1.86402	2.89569e-05
180705	-1.81067	1.76901	4.1329e-05
180705	-1.92734	1.70706	8.21184
180705	-2.02188	1.78643	1.42952
180705	-1.84451	1.81589	0.000193947
180705	-1.88143	1.77835	0.000141773
180705	-1.92555	1.80738	20.2328
