event	Eta	Phi	pT
98499	-0.48564	1.47327	2.55991
98499	-0.246373	1.69802	4.29977e-05
98499	-0.0913866	1.67085	1.39431
98499	-0.147355	1.59965	8.36446
98499	-0.233426	1.50345	12.3613
98499	-0.100869	1.50392	4.34792e-05
98499	-0.206974	1.45361	7.38911e-05
98499	-0.0159778	1.30785	0.949551
98499	-0.079737	1.42661	1.89657
98499	-0.233592	1.33033	3.97391e-05
98499	-0.116352	1.38998	1.85281
98499	-0.150517	1.39043	5.09244e-05
98499	-0.123793	1.27491	9.46386
98499	-0.137479	1.30747	8.33873
98499	-0.15929	1.36452	1.17564
98499	-0.147327	1.33945	17.0596
98499	-0.135288	1.33506	2.26465
