event	Eta	Phi	pT
111419	-1.26836	0.815242	1.30761
111419	-1.22182	0.572497	2.82652e-05
111419	-1.11126	0.494323	4.97224
111419	-0.663098	0.648867	1.69342
111419	-1.05447	0.847928	1.73238
111419	-0.701803	0.765456	2.45245
111419	-0.723596	0.801675	3.78101
111419	-0.97399	0.515603	4.36099e-05
111419	-0.830103	0.565289	3.14792
111419	-0.799482	0.792032	12.9218
111419	-0.78598	0.715326	14.9592
111419	-1.00876	0.558285	4.53039
111419	-1.03034	0.593264	5.50151e-05
111419	-1.04443	0.623141	6.85864e-05
111419	-0.969891	0.753857	1.12746
111419	-1.00136	0.779456	13.5599
111419	-1.04795	0.691952	1.34106
111419	-1.01871	0.706281	7.80976e-05
111419	-1.02088	0.679633	7.27112
111419	-1.00821	0.596448	5.87177e-05
111419	-0.959562	0.639487	1.24609
111419	-0.965609	0.620603	10.5719
111419	-0.836725	0.638384	2.49722
111419	-0.8638	0.762482	6.95276e-05
111419	-0.852675	0.7442	7.72316e-05
111419	-0.922489	0.750257	5.98127
111419	-0.92142	0.725497	2.20486
111419	-0.863963	0.694383	1.56884
111419	-0.862114	0.709026	4.19714
111419	-0.931806	0.677458	6.03562
111419	-0.907822	0.686318	3.05682
111419	-0.898313	0.687701	3.22723
