event	Eta	Phi	pT
120912	0.810399	2.47658	6.37295
120912	0.528007	2.04302	2.62167e-05
120912	0.53663	2.32341	2.88456
120912	0.682173	1.98057	2.17281
120912	0.567014	2.256	1.71137
120912	0.575877	2.15341	1.37725
120912	0.664351	2.05218	6.24033
120912	0.864781	2.06515	1.06692
120912	0.613742	2.28794	3.01848
120912	0.642758	2.30045	1.18661
120912	0.640555	2.28005	3.06556e-05
120912	0.627721	2.16987	4.46111e-05
120912	0.688005	2.15719	4.36445e-05
120912	0.778444	2.27562	2.67694e-05
120912	0.730036	2.18762	13.5469
120912	0.738187	2.23455	8.62352
120912	0.817958	2.24754	4.0095e-05
120912	0.831881	2.20106	4.00481e-05
120912	0.786585	2.19701	21.562
120912	0.784783	2.21976	0.000202024
120912	0.783121	2.22101	15.4981
