event	Eta	Phi	pT
187108	2.36622	4.73102	2.35182e-05
187108	2.09704	4.59451	0.461529
187108	1.80128	4.70823	1.47146
187108	2.3009	5.01874	0.616707
187108	1.83929	5.11297	2.81636e-05
187108	2.09042	5.18148	1.34157
187108	1.91516	4.662	2.47285
187108	1.88319	4.81183	7.12924e-05
187108	1.92429	4.78545	1.21251
187108	1.89133	4.83637	3.96334
187108	1.93606	4.86069	1.04143
187108	2.02919	4.99875	11.3385
187108	2.09195	4.98036	5.07507
187108	2.01489	4.96194	0.712169
187108	2.11829	4.85692	4.05365e-05
187108	2.09173	4.92951	4.74577
187108	2.035	4.93564	3.07845e-05
187108	1.99301	4.87338	1.17064
187108	2.05609	4.91881	2.49897e-05
187108	2.09315	4.87825	2.16795
187108	2.08836	4.86357	3.18795
187108	2.06449	4.89776	3.71989
187108	2.029	4.88963	1.57231
187108	2.04993	4.86618	11.1039
187108	2.04055	4.87455	15.3957
