event	Eta	Phi	pT
42433	-1.39408	4.75659	4.04129
42433	-1.76842	5.18541	6.18663
42433	-1.61508	5.22752	6.93527
42433	-1.63302	4.79634	3.86716
42433	-1.42736	4.93719	3.78998e-05
42433	-1.74548	5.02427	2.66062
42433	-1.50411	5.10041	3.96691
42433	-1.59858	4.88229	5.33041
42433	-1.61387	4.93662	3.77966
42433	-1.58378	4.93512	4.55523e-05
42433	-1.56479	4.94094	1.30934
42433	-1.63927	5.0744	2.49777e-05
42433	-1.61407	5.03993	12.4627
42433	-1.55367	4.99166	3.6599
42433	-1.60384	5.0049	1.89914
42433	-1.58619	4.99553	11.9334
