event	Eta	Phi	pT
22640	0.720343	2.06231	2.2875e-05
22640	0.486932	2.59724	3.58021
22640	0.371345	2.51921	9.8688
22640	0.660017	2.26998	2.1863
22640	0.434441	2.45534	6.12306e-05
22640	0.568145	2.19444	1.97421
22640	0.402041	2.37095	9.22959e-05
22640	0.528077	2.22817	2.83595
22640	0.605302	2.37398	2.86853e-05
22640	0.44153	2.37482	5.4394
22640	0.579988	2.30999	3.0239
22640	0.565747	2.37293	1.46594
22640	0.56471	2.30628	7.87685
22640	0.437713	2.31168	0.000177104
22640	0.445679	2.30355	7.47371e-05
22640	0.481968	2.37538	1.4163
22640	0.528029	2.29969	1.65739
22640	0.527975	2.35359	4.93911
22640	0.497321	2.33153	28.2821
