event	Eta	Phi	pT
100074	-2.04494	2.46963	1.05096
100074	-2.18785	2.33629	0.638052
100074	-2.35447	2.31527	2.54971
100074	-2.20429	2.3878	2.19126
100074	-2.32287	3.00848	0.717493
100074	-2.19168	2.92766	5.33973
100074	-2.72554	2.74415	1.38139
100074	-2.58839	2.59342	9.85678
100074	-2.32479	2.84352	0.958272
100074	-2.33932	2.85548	9.28109
100074	-2.5414	2.74016	5.46594
100074	-2.48505	2.80025	8.96427e-05
100074	-2.46819	2.79303	1.08772
100074	-2.19314	2.50745	0.692949
100074	-2.3471	2.79128	0.000107562
100074	-2.34304	2.61855	32.0851
