event	Eta	Phi	pT
15437	-0.0215995	4.03879	1.06702
15437	-0.000805869	3.95786	6.97036
15437	-0.112858	3.8442	2.04986
15437	0.0656649	3.90515	2.03821
15437	-0.00563294	3.90198	2.62004e-05
15437	-0.0794096	3.82653	4.70488e-05
15437	0.0386777	3.88179	5.39676
15437	-0.0870807	3.80373	1.28271
15437	-0.0636494	3.8245	4.10594e-05
15437	0.128606	3.67392	2.24778e-05
15437	0.0334171	3.7045	4.93397e-05
15437	0.0262161	3.69022	13.1926
15437	-0.0311417	3.74673	3.49766
15437	0.0478927	3.78018	19.9596
15437	0.0955617	3.80126	0.914943
