event	Eta	Phi	pT
65096	-0.256716	1.43352	7.19242
65096	-0.000387163	1.29351	2.01535e-05
65096	0.303935	1.45554	3.62444e-05
65096	0.339516	1.58762	2.2601
65096	0.305317	1.52886	3.69358
65096	0.19481	1.37832	5.0627e-05
65096	-0.21691	1.49261	2.1638
65096	-0.0526182	1.39194	4.41181
65096	0.0309098	1.40469	2.85943
65096	-0.176492	1.5102	1.91272
65096	-0.172237	1.52835	2.43285
65096	-0.200846	1.73609	2.67295e-05
65096	-0.109573	1.53116	1.78919
65096	0.0351302	1.7965	11.2974
65096	-0.00138495	1.74147	8.10939e-05
65096	-0.0223766	1.75306	6.14979
65096	0.103547	1.74987	1.32663
65096	-0.0761837	1.63475	6.05007e-05
65096	-0.0417143	1.64478	12.0022
65096	-0.0313007	1.54456	5.27988e-05
65096	0.14451	1.68454	2.314
65096	0.0709805	1.69337	8.63746e-05
65096	0.00601286	1.63356	4.03853e-05
65096	0.12215	1.55265	2.30791e-05
65096	0.0587423	1.54493	9.93544e-05
65096	0.078813	1.59873	22.7999
