event	Eta	Phi	pT
122100	-1.58429	3.16043	3.04617
122100	-1.91476	2.96305	1.21981
122100	-1.73442	2.62979	13.6151
122100	-1.54826	2.92705	4.10876
122100	-1.61787	2.95145	3.13864
122100	-1.73427	2.66853	3.03051e-05
122100	-1.67101	2.657	1.48683
122100	-1.6429	2.92776	3.47673
122100	-1.6261	2.87573	9.20402
122100	-1.70087	2.80113	0.000107454
122100	-1.70173	2.79858	1.19712
122100	-1.69812	2.76053	2.61159
122100	-1.70251	2.77857	4.76628
122100	-1.65812	2.74275	1.47296
122100	-1.69351	2.78782	4.25913e-05
122100	-1.65993	2.80064	5.39209
122100	-1.65157	2.79266	9.36139e-05
122100	-1.66204	2.78072	32.0247
