event	Eta	Phi	pT
181051	-1.08916	5.71107	2.47986
181051	-1.00001	5.12473	2.54563
181051	-0.661562	5.24594	3.34323
181051	-0.950832	5.18232	1.5974
181051	-1.07889	5.44963	3.01882e-05
181051	-0.919483	5.58653	2.20183
181051	-0.983799	5.52483	3.316
181051	-0.882161	5.56456	2.24918
181051	-0.764566	5.51676	2.3697
181051	-0.8044	5.50753	8.20007e-05
181051	-0.983085	5.38585	3.88054e-05
181051	-0.983622	5.38164	2.58038
181051	-0.953874	5.4523	7.20276e-05
181051	-0.874983	5.34538	13.3287
181051	-0.92294	5.47569	0.000196739
181051	-0.877436	5.42339	21.6314
181051	-0.821691	5.43343	7.96889
