event	Eta	Phi	pT
111855	1.84591	4.3263	2.38564
111855	2.01517	4.32093	4.37282
111855	1.7587	4.81077	3.71698
111855	1.78816	4.7326	0.928188
111855	2.05354	4.769	5.17793
111855	1.88037	4.74573	2.85881
111855	1.96572	4.75753	4.36229
111855	1.93335	4.44392	7.73636e-05
111855	1.93164	4.73254	0.625966
111855	1.97378	4.50211	7.79421
111855	1.88654	4.67472	3.88077
111855	2.00596	4.64835	2.68801e-05
111855	1.89369	4.59366	2.12045e-05
111855	1.90873	4.64066	2.7429e-05
111855	1.93088	4.65562	2.32475
111855	1.9044	4.60181	2.5509
111855	1.99707	4.60749	3.25493
111855	1.94936	4.61201	3.32767
111855	1.95758	4.59458	23.7527
