event	Eta	Phi	pT
129937	1.60666	2.55973	2.21497e-05
129937	1.72737	2.39963	1.42608
129937	1.57853	2.5067	1.6303
129937	1.44601	2.52074	1.01839
129937	1.44547	2.49961	5.37246
129937	1.62996	2.32607	1.98512
129937	1.23308	1.9959	4.44937
129937	1.60605	2.19504	1.41099
129937	1.57174	2.12152	2.27232
129937	1.4961	2.04822	3.30398e-05
129937	1.51338	2.07871	4.57888
129937	1.46888	2.0472	2.8602
129937	1.54093	2.14018	13.9086
129937	1.5108	2.34608	2.73938e-05
129937	1.46966	2.09375	3.24613
129937	1.50101	2.12618	3.29567
129937	1.52462	2.2419	3.83632
129937	1.36274	2.37415	5.66488
129937	1.45897	2.30522	8.28155e-05
129937	1.45127	2.19122	5.78915
129937	1.29403	2.33464	1.75756
129937	1.35557	2.14937	1.09302
129937	1.38518	2.16245	0.000120485
129937	1.41372	2.20172	4.08637e-05
129937	1.29088	2.29394	6.76645e-05
129937	1.37522	2.29733	5.55926
129937	1.39524	2.20131	5.56548
129937	1.29186	2.17893	3.59529e-05
129937	1.3945	2.21814	4.11421
129937	1.38307	2.27205	4.18688e-05
129937	1.37408	2.232	0.000462879
129937	1.30252	2.21705	10.6686
129937	1.36605	2.22362	0.000253036
129937	1.36032	2.22038	7.69399e-05
129937	1.33494	2.23733	83.7565
