event	Eta	Phi	pT
86309	2.05962	4.88214	2.19274
86309	2.3059	4.93198	1.71338
86309	2.15137	4.89128	1.93951
86309	2.46847	4.26847	0.682096
86309	2.54851	4.70789	1.92118
86309	1.96813	4.46303	0.524431
86309	2.48597	4.57099	4.76509
86309	2.29764	4.78154	0.608181
86309	2.07045	4.65221	1.75589
86309	2.44765	4.56337	1.04891
86309	2.13723	4.42653	0.869157
86309	2.09919	4.5228	0.724906
86309	2.37978	4.58188	5.31638e-05
86309	2.12818	4.59569	3.60268e-05
86309	2.35543	4.55601	3.7848
86309	2.31748	4.63425	0.000162939
86309	2.29966	4.46025	0.855408
86309	2.25183	4.64949	5.22136e-05
86309	2.29675	4.58357	3.89094
86309	2.26387	4.55818	14.9739
86309	2.21412	4.54241	21.017
