event	Eta	Phi	pT
129054	-0.118047	4.3837	1.01363
129054	-0.152787	4.48256	0.897294
129054	-0.774452	4.42479	2.35532
129054	-0.718554	4.49022	3.92662e-05
129054	-0.215713	4.31027	2.40545
129054	-0.443718	4.53531	8.79865
129054	-0.735118	4.26055	5.84671e-05
129054	-0.591935	4.47475	4.9455e-05
129054	-0.708068	4.30086	4.31217
129054	-0.677842	4.35507	1.86442
129054	-0.529612	4.40124	4.78329e-05
129054	-0.511298	4.33818	5.25954e-05
129054	-0.430599	4.1839	0.000157668
129054	-0.47066	4.27933	13.4866
129054	-0.42097	4.26414	20.8532
129054	-0.578682	4.25578	2.65541
129054	-0.578848	4.28127	7.9654
