event	Eta	Phi	pT
81127	1.5119	1.56974	10.0957
81127	1.8047	1.90113	5.86068
81127	1.56813	1.71418	2.76319e-05
81127	1.59744	1.44508	1.11249
81127	1.88149	1.83593	0.938326
81127	1.68009	1.63514	8.93934
81127	1.97208	1.79417	1.59436
81127	1.78094	1.41906	1.34654
81127	1.83643	1.59713	5.41775
81127	1.85078	1.36205	4.512
81127	1.99859	1.31116	1.33127
81127	1.97864	1.32913	2.3432
81127	1.84053	1.49701	5.50939e-05
81127	1.99405	1.34484	1.66482
81127	2.06627	1.366	3.37476e-05
81127	2.06196	1.38897	3.34075
81127	1.94933	1.39897	1.74386
81127	1.95675	1.41874	3.91893e-05
81127	2.02165	1.61278	2.26213e-05
81127	2.06928	1.56943	6.37561
81127	1.92421	1.55614	0.650371
81127	1.99588	1.52114	15.7212
