event	Eta	Phi	pT
196148	-1.10662	2.50823	1.62972
196148	-1.09914	2.61372	2.76526e-05
196148	-0.734838	2.43271	2.30051
196148	-0.62164	2.91583	2.13937e-05
196148	-0.859775	2.92288	2.35402
196148	-0.92104	2.8635	3.41822
196148	-0.577412	2.62943	3.60927
196148	-0.796666	2.54341	2.75122
196148	-0.644224	2.81216	2.9519
196148	-0.675771	2.58842	3.65061e-05
196148	-0.687129	2.74959	5.42523
196148	-0.857999	2.76873	2.62621
196148	-0.690648	2.72951	2.56899e-05
196148	-0.715704	2.74963	8.50183e-05
196148	-0.859695	2.7265	6.6532e-05
196148	-0.800082	2.76612	6.05828
196148	-0.792616	2.71757	2.85527e-05
196148	-0.780875	2.68397	22.9928
