event	Eta	Phi	pT
132115	0.0949584	0.514782	2.28265
132115	-0.333386	0.662395	2.41079
132115	-0.351232	0.705862	1.35473
132115	-0.238127	0.998933	11.1523
132115	0.103603	0.951217	2.27412e-05
132115	0.0316639	0.572466	2.1526e-05
132115	0.121421	0.694051	2.28722
132115	0.038	0.95081	3.08746e-05
132115	0.0711157	0.675359	3.20905
132115	-0.0716625	0.685292	8.19845
132115	0.0131261	0.778802	6.83595e-05
132115	-0.0211808	0.702446	4.27591e-05
132115	-0.0360593	0.731001	3.87599
132115	-0.0114581	0.744499	4.00727
132115	0.010502	0.737877	5.89557
132115	-0.0437139	0.914389	5.65736
132115	-0.0928644	0.897171	2.87795
132115	-0.176838	0.858706	5.31115e-05
132115	-0.172467	0.851759	3.76197e-05
132115	-0.0491889	0.803781	7.5355e-05
132115	-0.0714934	0.845751	2.29245
132115	-0.117841	0.801831	20.9473
