event	Eta	Phi	pT
190920	1.148	3.11592	6.92223
190920	0.885051	3.70383	2.01951e-05
190920	1.06105	3.79386	2.07486e-05
190920	1.01583	3.23379	2.03439e-05
190920	1.00076	3.25267	2.14367
190920	1.46195	3.35201	2.58732e-05
190920	0.939041	3.66184	2.3083e-05
190920	1.13733	3.70057	4.65766
190920	1.02006	3.58277	2.61426
190920	1.08805	3.61	3.63672
190920	1.06492	3.61069	11.196
190920	1.22487	3.27751	2.61812
190920	1.05508	3.45367	6.03426e-05
190920	1.11825	3.37049	7.32939
190920	1.12597	3.59021	0.000144457
190920	1.12968	3.56482	2.54626
190920	1.11892	3.48973	5.63056
190920	1.34612	3.55664	9.09013e-05
190920	1.36074	3.45528	10.4363
190920	1.22821	3.57733	2.5276e-05
190920	1.16505	3.49192	3.19283e-05
190920	1.2044	3.53608	2.02309
190920	1.22041	3.43871	1.30165
190920	1.24279	3.51225	7.65249e-05
190920	1.23536	3.50255	5.75308
190920	1.2642	3.49256	5.36389
190920	1.25581	3.46016	17.0122
