event	Eta	Phi	pT
31555	-2.35015	1.28579	1.01412
31555	-2.30809	1.32277	1.40778
31555	-2.18139	1.40715	5.34942
31555	-2.46843	1.59393	5.13924
31555	-2.35422	1.45695	0.497239
31555	-2.40254	1.52611	5.40566e-05
31555	-2.29955	1.52302	2.67092
31555	-2.33318	1.57349	1.72526
31555	-2.28513	1.58174	6.62227e-05
31555	-2.32215	1.6275	4.83259
31555	-2.32738	1.64579	2.20812
31555	-2.33014	1.66256	2.61906
31555	-2.29748	1.6255	0.93532
31555	-2.18587	1.59273	0.664787
31555	-2.23846	1.60311	8.9723e-05
31555	-2.2536	1.61188	1.94257
31555	-2.29416	1.68305	8.69948e-05
31555	-2.17441	1.75856	0.989506
31555	-2.21231	1.62746	6.23195
31555	-2.21908	1.64763	9.64232e-05
31555	-2.20943	1.69533	35.5064
