event	Eta	Phi	pT
31617	1.75529	6.19132	1.873
31617	1.85554	0.582395	1.2636
31617	1.76107	0.476734	1.50201
31617	1.75702	0.0415797	2.08647e-05
31617	1.57847	0.115899	2.29488e-05
31617	1.81784	0.0939159	6.63839e-05
31617	1.75036	0.300688	3.57149
31617	1.78093	0.26686	2.56725
31617	1.78737	0.299787	16.4181
31617	1.66848	0.272339	11.5555
31617	1.76456	0.113803	3.24873e-05
31617	1.71141	0.1116	9.44124e-05
31617	1.7611	0.175873	2.82586
31617	1.72578	0.172053	5.40461
31617	1.674	0.181642	2.64857
31617	1.70365	0.206946	9.08287
