event	Eta	Phi	pT
159636	-0.176439	0.466536	5.9813
159636	-0.333513	1.06596	2.51056e-05
159636	-0.1794	1.07972	4.72402
159636	-0.182059	1.03908	3.60417
159636	-0.190358	0.70609	3.14298e-05
159636	-0.169743	0.663561	9.85288
159636	-0.266817	0.72873	2.61988
159636	-0.14053	0.728634	5.68877
159636	-0.262218	0.941516	5.023
159636	-0.247061	0.782054	4.58874
159636	-0.201008	0.963696	6.17828e-05
159636	-0.0955536	0.882008	4.69197
159636	-0.210715	0.901861	3.98916
159636	-0.13922	0.829184	2.5828
159636	-0.220879	0.842534	4.44185e-05
159636	-0.219503	0.853769	6.42849e-05
159636	-0.163242	0.870511	2.97339e-05
159636	-0.177359	0.848314	7.73861
159636	-0.181041	0.869994	3.12383
