event	Eta	Phi	pT
17145	0.0334235	2.41469	2.94248e-05
17145	0.395451	2.71851	2.34776e-05
17145	0.0826468	2.57405	6.16648
17145	0.12516	2.91514	5.26223
17145	0.0888434	2.6366	2.44239e-05
17145	0.105268	2.65205	7.78512
17145	0.08729	2.67723	6.94348
17145	0.136857	2.71532	1.49714
17145	0.130759	2.7208	9.0227e-05
17145	0.121476	2.83513	7.87675
17145	0.121291	2.77764	1.8249
17145	0.0725047	2.71377	3.40089
17145	0.111832	2.75347	0.000115341
17145	0.081628	2.73565	0.000221085
17145	0.0694874	2.75342	7.67693
17145	0.0325486	2.75677	3.96017e-05
17145	0.0633425	2.76964	5.24396
17145	0.0476229	2.77963	51.9902
