event	Eta	Phi	pT
119209	0.459953	0.149101	3.82573
119209	0.564461	5.88154	2.35059e-05
119209	0.448763	0.0899249	2.3541
119209	0.366728	0.0240036	3.07448e-05
119209	0.568595	6.20465	2.98668
119209	0.582434	6.09177	3.97424e-05
119209	0.431612	5.99482	1.03302
119209	0.527213	6.01713	2.33415e-05
119209	0.529229	6.19599	1.03078
119209	0.37355	6.16848	1.81355
119209	0.418739	6.20649	3.61615e-05
119209	0.525434	6.12407	1.24444
119209	0.425173	6.1604	0.868231
119209	0.434683	6.1474	3.04737e-05
119209	0.448982	6.16514	16.0663
119209	0.514139	6.08637	0.000118945
119209	0.468035	6.14514	0.000158596
119209	0.427029	6.12594	2.01854
119209	0.47074	6.13032	3.59148
119209	0.438388	6.07814	7.009e-05
119209	0.455994	6.09335	24.8244
