event	Eta	Phi	pT
103938	0.356736	5.55683	2.80912
103938	0.405037	6.27202	4.74376
103938	0.325546	6.2594	2.74618
103938	0.213437	6.16913	3.96731
103938	0.366759	5.73844	3.64027
103938	0.301288	5.74974	9.52625
103938	0.250489	5.78852	8.83534
103938	0.176918	6.03162	5.59352e-05
103938	0.175079	5.92195	3.60471
103938	0.31345	6.09005	2.59275
103938	0.398836	6.06124	3.62596e-05
103938	0.392959	6.05756	3.00493
103938	0.19448	5.9178	3.64015e-05
103938	0.333917	5.83435	4.8887e-05
103938	0.422875	5.9683	2.51948e-05
103938	0.22987	6.00058	3.01267e-05
103938	0.24776	5.97026	5.13859e-05
103938	0.255598	5.93626	13.2425
103938	0.33828	5.88621	5.21811
103938	0.323556	5.89161	2.62222e-05
103938	0.274257	5.93527	8.67792
103938	0.29847	5.9055	1.57617
103938	0.33171	5.90757	17.3364
103938	0.349024	5.92479	5.10271e-05
103938	0.304073	5.92447	0.000233121
103938	0.311982	5.92842	0.000378311
103938	0.303105	5.95369	0.000249248
103938	0.316922	5.95884	2.59137e-05
103938	0.324999	5.95763	82.8628
