event	Eta	Phi	pT
49086	-0.96557	1.10116	2.50727e-05
49086	-0.730913	1.05511	5.46059
49086	-0.746278	1.07603	2.97672
49086	-1.02895	1.32761	2.08106e-05
49086	-0.97252	1.43135	2.14896e-05
49086	-0.697065	1.19241	4.31586
49086	-0.670421	1.22793	4.74222
49086	-0.768239	1.24852	5.2608e-05
49086	-0.7072	1.31136	7.41298e-05
49086	-0.733308	1.33893	4.7645e-05
49086	-0.702355	1.36659	0.968118
49086	-0.57765	1.49973	3.68337
49086	-0.70827	1.42195	3.03476
49086	-0.686945	1.46433	1.15834
49086	-0.681083	1.47624	0.000276816
49086	-0.68667	1.51709	26.1733
