event	Eta	Phi	pT
199918	-0.549813	4.0239	5.8557
199918	-0.444797	3.42907	4.40184e-05
199918	-0.599756	3.4683	1.48945
199918	-0.459115	3.88339	2.04853
199918	-0.33948	3.55852	4.55002e-05
199918	-0.5415	3.49693	1.19411
199918	-0.548595	3.82268	1.54473
199918	-0.561339	3.82985	4.43283
199918	-0.545853	3.78465	2.41527e-05
199918	-0.563805	3.77026	2.80203e-05
199918	-0.520183	3.78476	3.27705
199918	-0.462464	3.69268	0.971655
199918	-0.474023	3.70421	0.000159534
199918	-0.471709	3.7265	16.3398
199918	-0.578217	3.70119	4.51445e-05
199918	-0.531505	3.65568	4.14529
199918	-0.517831	3.64676	3.59151e-05
199918	-0.512069	3.6125	24.3496
