event	Eta	Phi	pT
99424	0.450285	5.72099	1.08879
99424	0.539374	5.71146	6.83315
99424	0.587007	4.97944	2.98162
99424	0.523055	5.04951	4.72313e-05
99424	0.675294	5.16414	2.94067
99424	0.508856	5.1239	13.1637
99424	0.521923	5.19602	4.57881
99424	0.539911	5.2021	5.382
99424	0.563419	5.26117	2.73396e-05
99424	0.565988	5.23683	8.4106
99424	0.665792	5.43534	3.47298e-05
99424	0.338418	5.48969	2.27456
99424	0.640762	5.46285	0.958993
99424	0.557366	5.32843	2.30995e-05
99424	0.44317	5.43288	19.5046
99424	0.520298	5.4799	2.81696e-05
99424	0.487722	5.41698	3.27228
99424	0.506635	5.40059	2.00461
99424	0.548292	5.4419	6.06744e-05
99424	0.521877	5.44185	11.4211
99424	0.53034	5.42794	2.56032e-05
99424	0.528119	5.41936	10.3617
