event	Eta	Phi	pT
190645	-0.849761	2.72023	1.6902
190645	-0.777482	3.08703	2.46279e-05
190645	-0.58027	3.18092	1.00898
190645	-0.602655	2.67737	3.69377
190645	-0.341596	3.01901	2.18922e-05
190645	-0.637805	2.98439	5.14642
190645	-0.552107	3.01735	7.41954e-05
190645	-0.425916	3.00392	0.000122422
190645	-0.476572	2.9491	2.3423e-05
190645	-0.510233	2.94929	4.31517
190645	-0.593661	2.93263	1.07881
190645	-0.551551	2.91391	14.7689
190645	-0.431138	2.78381	0.000147758
190645	-0.424629	2.89745	16.1492
190645	-0.462322	2.81221	1.69172
190645	-0.448411	2.83935	2.38
190645	-0.479982	2.86098	11.181
