event	Eta	Phi	pT
150882	-2.43124	4.91307	3.43996e-05
150882	-2.26458	5.57045	1.40532
150882	-2.20583	5.41083	2.32145e-05
150882	-2.34733	5.04323	1.48339
150882	-2.35421	5.17726	3.33304e-05
150882	-2.30961	5.15008	2.02992
150882	-2.32344	5.1666	13.9018
150882	-2.47923	5.11756	0.632483
150882	-2.412	5.16241	7.02829
150882	-2.3616	5.25479	3.5357
150882	-2.47418	5.20428	5.84016e-05
150882	-2.46581	5.22815	9.08651e-05
150882	-2.45871	5.25546	6.08096e-05
150882	-2.45638	5.262	6.63025e-05
150882	-2.56752	5.32283	22.3446
150882	-2.45342	5.30144	2.05178
150882	-2.49466	5.36534	20.5785
