event	Eta	Phi	pT
33464	-0.392663	0.657244	5.84253
33464	-0.0499899	0.634179	2.28384
33464	-0.516878	0.412776	0.999604
33464	-0.43052	0.178654	13.124
33464	-0.416639	0.429784	1.62122
33464	-0.431894	0.345886	2.70475
33464	-0.187411	0.54191	2.60396e-05
33464	-0.398368	0.414667	2.7651e-05
33464	-0.401917	0.33069	9.87062e-05
33464	-0.379391	0.379555	2.48076
33464	-0.358376	0.381635	0.941591
33464	-0.343849	0.323098	2.57909
33464	-0.30771	0.334463	4.30584
33464	-0.254436	0.357674	6.72607
33464	-0.249446	0.370732	5.57127
33464	-0.0624336	0.142843	1.53746
33464	-0.0629859	0.168185	2.14834
33464	-0.142878	0.185529	3.46096
33464	-0.101855	0.451403	3.73995e-05
33464	-0.0439277	0.405052	5.4344e-05
33464	-0.0534231	0.329478	13.4186
33464	-0.0789662	0.349671	8.29527e-05
33464	-0.0946783	0.371213	16.9714
