event	Eta	Phi	pT
2799	-1.04163	3.33246	1.07212
2799	-0.405997	3.33596	2.56145
2799	-0.644447	3.32106	4.94254
2799	-0.532512	3.44767	3.76424
2799	-0.776937	3.75936	1.05469
2799	-0.734756	3.74079	4.48047
2799	-0.609078	3.48289	2.58992
2799	-0.715531	3.41363	1.22491
2799	-0.754272	3.42727	11.9093
2799	-0.732018	3.43285	1.476
2799	-0.663239	3.47202	9.01687e-05
2799	-0.690434	3.46796	4.75505e-05
2799	-0.679392	3.5042	0.000163159
2799	-0.667035	3.57108	26.7504
2799	-0.747954	3.61784	2.41116
2799	-0.695422	3.54705	3.03565
2799	-0.744229	3.59552	17.9459
2799	-0.791254	3.53388	8.55181
2799	-0.762373	3.55313	18.3662
2799	-0.719037	3.5571	4.21046e-05
2799	-0.749611	3.54255	1.12204
2799	-0.733848	3.53577	29.0625
