event	Eta	Phi	pT
20498	-1.81287	0.809752	3.05532e-05
20498	-1.6324	0.908433	1.27895
20498	-1.70857	1.3926	4.13648
20498	-1.5419	1.10717	2.61971
20498	-1.57577	1.11211	5.35905e-05
20498	-1.67895	1.02186	4.15336
20498	-1.80409	1.32321	9.66497e-05
20498	-1.89396	1.1896	2.60763e-05
20498	-1.83496	1.2422	4.47641
20498	-1.832	1.11619	3.61456e-05
20498	-1.65211	1.12327	6.04806e-05
20498	-1.65271	1.15843	4.81311e-05
20498	-1.7036	1.11166	8.59301
20498	-1.75518	1.11117	0.000149051
20498	-1.78389	1.21586	0.000133898
20498	-1.74033	1.19599	32.4839
