event	Eta	Phi	pT
154945	0.24721	5.41616	2.464
154945	0.302849	5.85337	2.00558e-05
154945	-0.0551024	5.51118	1.40652
154945	0.0506861	5.48556	5.9456
154945	-0.099773	5.85314	2.31401e-05
154945	0.241085	5.78923	2.26887e-05
154945	-0.018904	5.58527	0.989577
154945	0.0141929	5.57696	4.54972e-05
154945	0.169053	5.81009	2.61523e-05
154945	0.0816445	5.70009	19.9281
154945	0.0808297	5.73736	0.00012645
154945	0.0515226	5.74376	15.4946
154945	0.0492652	5.76673	7.38243
154945	0.0156283	5.79025	0.000143508
154945	0.0291761	5.80202	9.70502
