event	Eta	Phi	pT
30490	-1.22739	0.20877	2.46496
30490	-1.32613	5.9401	1.81208
30490	-1.42498	5.98902	2.36981
30490	-1.47331	6.07953	1.24667
30490	-1.46235	6.07093	1.12377
30490	-1.45341	6.12255	11.3037
30490	-1.43801	0.0719315	1.47628
30490	-1.45486	0.0275147	2.97355e-05
30490	-1.3849	6.1674	0.91204
30490	-1.27559	6.19279	12.629
30490	-1.39219	6.21617	1.09749
30490	-1.40919	6.24612	0.000160198
30490	-1.40107	6.24507	3.01614
30490	-1.3726	6.22574	3.05129
30490	-1.32058	6.21983	3.12473e-05
30490	-1.29696	6.24506	4.04688
30490	-1.3576	6.23614	2.80376
30490	-1.35454	6.24937	2.86181
30490	-1.33795	6.27519	7.61102
30490	-1.30984	6.27977	3.11976
