event	Eta	Phi	pT
52897	-1.03311	5.72451	2.3879
52897	-0.898675	5.6971	1.29229
52897	-0.986154	5.61526	4.91402
52897	-0.999837	5.56109	3.06255
52897	-0.816353	5.50416	3.84037
52897	-1.04523	5.5248	1.01588
52897	-0.881746	5.48815	5.01074
52897	-0.965744	5.49833	7.99455e-05
52897	-1.02173	5.47079	3.12439e-05
52897	-1.15007	5.40005	3.364
52897	-0.963037	5.44342	5.44026
52897	-0.808352	5.33719	1.99618
52897	-0.87716	5.37017	1.39029
52897	-0.93201	5.3518	5.65432e-05
52897	-0.965336	5.35304	2.84312e-05
52897	-0.845113	5.2619	2.48672e-05
52897	-0.899902	5.15335	1.07015
52897	-0.965617	5.2451	2.57091e-05
52897	-0.995695	5.12274	0.997581
52897	-0.990267	5.14633	11.0558
52897	-1.03205	5.23796	4.94032e-05
52897	-1.0136	5.23144	3.13698e-05
52897	-1.02506	5.20647	10.8883
