event	Eta	Phi	pT
62637	-1.06798	4.66774	1.39914
62637	-0.54496	4.83679	7.69904
62637	-0.595707	4.77659	7.43866e-05
62637	-0.605367	4.77169	0.938428
62637	-0.825814	4.20542	1.97546
62637	-0.942114	4.63029	2.72655
62637	-0.943518	4.35323	2.02333e-05
62637	-0.450453	4.48338	2.39479e-05
62637	-0.690598	4.72091	2.35922
62637	-0.902713	4.50451	2.32588e-05
62637	-0.800244	4.58648	2.13947e-05
62637	-0.772102	4.53829	22.234
62637	-0.601032	4.4157	8.33689e-05
62637	-0.582729	4.46153	6.97278
62637	-0.646865	4.49336	4.11172
62637	-0.655305	4.49537	3.57439e-05
62637	-0.656367	4.49129	9.72328
62637	-0.718744	4.25861	3.43518e-05
62637	-0.670644	4.28148	2.70319e-05
62637	-0.711636	4.41026	3.4835
62637	-0.710035	4.34363	8.8128
62637	-0.685419	4.35686	3.59585
