event	Eta	Phi	pT
84417	0.405099	4.61668	2.28521e-05
84417	0.0764454	4.69471	3.177
84417	0.211043	4.56396	0.000151774
84417	0.253454	4.55643	8.78382
84417	0.0621741	4.49949	10.6926
84417	0.372251	4.10271	1.67058
84417	0.307243	4.07602	2.8318e-05
84417	0.0922984	4.11546	1.18103
84417	0.183835	4.10106	1.2211
84417	0.0757986	4.37661	2.45594e-05
84417	0.259252	4.34798	1.03715
84417	0.0419634	4.29592	3.7551e-05
84417	0.105251	4.3381	1.36555
84417	0.146835	4.35373	1.75924
84417	0.132659	4.32696	2.13368
84417	0.099159	4.21452	2.74464
84417	0.19044	4.2921	3.34336
84417	0.137705	4.26485	4.58825
84417	0.202462	4.19807	9.60095
