event	Eta	Phi	pT
100214	2.38996	2.82717	0.566289
100214	2.21271	2.74407	3.19453
100214	2.00551	3.42877	1.52046
100214	1.97969	3.26428	3.62314
100214	2.0039	2.95858	0.765492
100214	2.09716	2.90737	2.48274
100214	2.17808	3.21217	7.40735
100214	2.26426	3.05141	6.86926
100214	2.13866	2.97684	4.43132e-05
100214	2.18121	3.01373	6.02822
100214	2.13438	3.16811	2.81161
100214	2.11592	3.03951	4.87805e-05
100214	2.11848	3.03518	2.22994
100214	2.11005	3.05816	5.10132
100214	2.108	3.08412	4.08396e-05
100214	2.10183	3.09442	14.7257
