event	Eta	Phi	pT
198626	-2.17041	3.8803	0.848552
198626	-2.25288	3.88045	3.876
198626	-2.11714	3.98443	1.46076
198626	-2.09299	4.2447	4.28968e-05
198626	-2.10567	4.11096	3.06474
198626	-2.14923	4.00869	2.88268e-05
198626	-2.19924	4.23099	7.58855
198626	-2.21072	4.1718	7.15576e-05
198626	-2.21138	4.10066	9.96063
198626	-2.30279	3.96461	2.04168
198626	-2.33265	4.27028	5.27946
198626	-2.33021	4.22367	8.16263e-05
198626	-2.32531	4.08945	0.000160536
198626	-2.39455	4.22443	2.61317
198626	-2.4778	4.10585	22.4583
