event	Eta	Phi	pT
21154	-0.501529	5.73592	2.05186
21154	-0.659769	5.15165	6.10611e-05
21154	-0.65114	5.26671	4.92441
21154	-1.12263	5.42551	1.38554
21154	-0.936351	5.34226	2.15784e-05
21154	-0.818639	5.35523	1.93374
21154	-0.86559	5.37764	3.1713
21154	-0.81064	5.4124	3.74321e-05
21154	-0.743531	5.4604	4.11298
21154	-0.944608	5.45569	3.01689e-05
21154	-0.88394	5.46193	2.54239e-05
21154	-0.870874	5.46253	9.63666
21154	-0.713208	5.67822	3.60841e-05
21154	-0.886317	5.62364	4.52723
21154	-0.829059	5.60671	20.8323
