event	Eta	Phi	pT
178793	0.855022	4.34468	1.78487
178793	1.10192	4.07197	12.5542
178793	0.797044	3.68875	3.81694
178793	0.751773	3.69497	1.12003
178793	1.06961	3.97562	8.72308e-05
178793	1.03247	4.08247	2.65853
178793	0.834954	3.99426	2.64015e-05
178793	0.847603	3.99443	15.1694
178793	0.81134	4.07831	6.77715e-05
178793	0.789207	3.99723	3.04913e-05
178793	0.740937	3.9705	5.49771
178793	0.749495	4.00076	4.8162
178793	0.684268	3.98718	0.000149388
178793	0.679591	4.06289	8.71427
178793	0.677762	4.03727	20.71
