event	Eta	Phi	pT
198259	-1.31266	0.551873	1.78888
198259	-1.16008	0.418201	1.30481
198259	-1.0622	0.451955	4.54767e-05
198259	-1.00815	0.449565	6.98339
198259	-1.10286	0.578966	10.4012
198259	-0.96544	0.865072	3.90308
198259	-0.695217	0.728838	3.36559
198259	-0.85125	0.486307	6.85818
198259	-1.07771	0.673265	5.94235e-05
198259	-0.943787	0.514215	1.58877
198259	-0.883534	0.818761	4.07919
198259	-0.795514	0.606305	5.80394e-05
198259	-0.783801	0.662065	6.15748
198259	-1.0026	0.591666	6.97892e-05
198259	-0.991675	0.693347	9.28896e-05
198259	-0.977845	0.629376	1.0224
198259	-0.936715	0.642044	1.46505
198259	-0.937937	0.676285	6.23612e-05
198259	-0.938492	0.662774	0.000185579
198259	-0.907921	0.668025	23.6675
