event	Eta	Phi	pT
32136	1.42	5.59741	1.33651
32136	1.39001	5.66201	1.47
32136	1.31658	5.63895	3.18067
32136	1.46393	5.74117	1.29567
32136	1.2695	5.67443	5.01705
32136	1.32115	6.15691	1.98583
32136	1.386	6.09036	5.71614
32136	1.36111	5.83596	5.17595
32136	1.03529	5.99117	1.94067
32136	1.3606	5.93317	1.04307
32136	1.17931	6.08887	1.84257
32136	1.33351	5.87941	4.77157e-05
32136	1.31756	5.86397	2.19142e-05
32136	1.26808	5.84574	6.82466e-05
32136	1.15777	5.85087	1.6862
32136	1.21419	5.86681	0.000163933
32136	1.18645	5.95159	7.07209e-05
32136	1.19861	5.93394	21.0227
