event	Eta	Phi	pT
93221	0.294085	0.309101	2.79059
93221	0.0820292	0.285665	2.78699e-05
93221	0.202949	0.220139	3.90314
93221	0.0284798	6.0441	3.06726
93221	-0.0188916	0.119383	4.97709
93221	0.226641	6.24826	2.54136e-05
93221	0.153447	6.13667	4.28195e-05
93221	0.0862882	6.19284	0.000131227
93221	0.114496	6.19247	21.978
93221	0.12043	6.23966	0.000151962
93221	0.125997	6.23958	2.69642
93221	0.126465	0.0819809	0.961279
93221	0.100164	0.0475117	4.10788
93221	0.113551	0.0562012	7.61197
93221	0.0521085	0.0744553	3.1226e-05
93221	0.129241	6.26732	8.26449e-05
93221	0.097012	6.26992	2.76006
93221	0.0227689	6.24481	0.987353
93221	0.0510747	6.26794	25.1363
