event	Eta	Phi	pT
194218	-0.0807449	1.36805	1.04637
194218	-0.465339	1.06303	6.18038
194218	-0.553251	1.51082	3.92333
194218	-0.456478	1.44276	3.43371e-05
194218	-0.359363	1.41245	4.79814
194218	-0.441643	1.38419	5.4536
194218	-0.341352	1.31013	1.53828
194218	-0.460502	1.18827	2.11725
194218	-0.415371	1.1975	1.19785
194218	-0.463128	1.35697	0.99458
194218	-0.51786	1.28636	3.25284e-05
194218	-0.373993	1.28711	5.22542e-05
194218	-0.463312	1.21997	4.02289e-05
194218	-0.424668	1.25315	8.59005
194218	-0.462728	1.28618	5.96812
194218	-0.453958	1.29609	9.87585
