event	Eta	Phi	pT
166332	1.48824	1.37415	2.53897
166332	1.30064	1.32695	3.99697
166332	1.10279	1.39116	8.76169
166332	1.2383	1.40802	2.65308
166332	1.257	1.4832	1.18495
166332	1.26751	1.48969	2.56931
166332	1.36332	1.73316	2.13954
166332	1.19472	1.50563	2.56269e-05
166332	1.29692	1.59982	2.1507e-05
166332	1.231	1.61435	2.42133e-05
166332	1.22911	1.59691	2.5344
166332	1.0595	1.5641	3.55559e-05
166332	1.14742	1.59262	2.25433e-05
166332	1.17983	1.58922	3.70368
166332	1.20277	1.78463	3.46635
166332	1.12602	1.57635	8.50399e-05
166332	1.1953	1.66231	4.93278e-05
166332	1.05905	1.73731	10.6672
166332	1.10443	1.65701	4.22773
166332	1.13781	1.67146	3.48579
