event	Eta	Phi	pT
136377	1.76124	5.61561	20.8724
136377	1.71131	6.18428	2.01279e-05
136377	1.93907	6.13555	3.58353
136377	1.59001	6.01722	1.59836
136377	1.58067	5.82533	4.66176e-05
136377	1.66246	5.82854	6.21019
136377	1.7328	5.77933	5.13897e-05
136377	1.70122	6.00926	1.59748
136377	1.78789	5.76826	2.10261e-05
136377	1.72301	5.84583	1.48171
136377	1.81169	5.79395	4.40232e-05
136377	1.95491	5.86125	2.1257
136377	1.9359	5.99175	4.68995e-05
136377	1.80056	5.81388	7.43817e-05
136377	1.92227	5.91055	7.69626
136377	1.81896	5.86429	2.85167e-05
136377	1.81185	5.92061	18.8265
136377	1.81603	5.96195	2.68401
