event	Eta	Phi	pT
65986	-1.33187	4.70724	1.0283
65986	-1.18251	4.67835	2.95146
65986	-1.34522	4.6289	3.96489
65986	-1.2462	4.21479	7.45602
65986	-1.25508	4.61238	1.83049
65986	-1.10812	4.54728	1.2749
65986	-1.36844	4.52684	3.04035e-05
65986	-1.29133	4.55134	6.35359e-05
65986	-1.36913	4.42693	2.94378e-05
65986	-1.30799	4.46472	1.55973
65986	-1.28197	4.46838	14.1834
65986	-1.23141	4.47773	1.94605
65986	-1.29399	4.37387	2.08674
65986	-1.176	4.3704	2.93045
65986	-1.22833	4.37313	12.3585
65986	-1.23882	4.41362	3.93771e-05
65986	-1.21833	4.40925	13.6681
