event	Eta	Phi	pT
128782	1.58333	5.71039	1.21778
128782	1.63369	6.02746	1.56485
128782	1.62421	5.92761	3.59231e-05
128782	1.56756	5.73377	2.07232e-05
128782	1.09793	6.1965	0.952746
128782	1.05153	5.83284	2.41472
128782	1.25192	6.10545	5.57242
128782	1.44385	5.8997	1.85279
128782	1.12079	6.0046	2.82573e-05
128782	1.34414	5.92183	3.49478
128782	1.28203	5.83074	4.18578e-05
128782	1.27499	5.96717	6.3652
128782	1.29706	5.88593	5.55324
128782	1.24632	5.8513	4.47541e-05
128782	1.27136	5.92253	3.45538
128782	1.21466	5.91186	18.5866
128782	1.25464	5.90418	0.000193679
128782	1.24679	5.89903	16.6871
