event	Eta	Phi	pT
191561	-1.77716	3.95952	0.894069
191561	-1.5281	4.42334	2.21405
191561	-1.67481	4.07727	3.50359
191561	-1.73651	4.3335	5.09435e-05
191561	-1.70168	4.5745	0.951168
191561	-1.80605	4.45472	2.78919e-05
191561	-1.70354	4.50512	4.96291
191561	-1.71197	4.39941	2.16807
191561	-1.74353	4.43337	2.8771e-05
191561	-1.72474	4.43958	8.34041
191561	-1.90272	4.49952	3.15114
191561	-1.7191	4.20747	0.954354
191561	-1.74699	4.1791	3.82954
191561	-1.78434	4.20098	5.22881
191561	-1.80388	4.30487	3.2186e-05
191561	-1.96888	4.43242	5.63007e-05
191561	-1.86526	4.30658	2.60656
191561	-1.9418	4.37717	4.88917
191561	-2.15307	4.31589	2.24147
191561	-2.08673	4.118	1.79798
191561	-2.10186	4.35861	2.67782e-05
191561	-1.91389	4.24612	2.76123
191561	-2.04384	4.13043	2.27806e-05
191561	-2.03508	4.24611	15.5324
