event	Eta	Phi	pT
78263	1.09973	3.78987	0.941426
78263	1.22788	3.85872	1.78804
78263	1.15292	3.86406	2.12037
78263	0.973627	4.00477	5.16204
78263	1.01163	4.30109	4.04888
78263	1.19046	4.28928	9.46712
78263	1.23301	4.01131	2.43339e-05
78263	0.991679	4.15304	5.82253e-05
78263	1.15676	4.20686	5.33652
78263	1.17936	4.15243	2.56254e-05
78263	1.18755	4.1282	5.93951
78263	1.10702	4.18927	0.000101785
78263	1.06783	4.18424	3.25517
78263	1.00114	4.05799	3.22696e-05
78263	1.07991	4.13233	7.87989e-05
78263	1.06552	4.11906	5.7337
78263	1.14558	4.01403	7.16802e-05
78263	1.15169	4.03319	2.78016e-05
78263	1.13086	4.10823	7.0165e-05
78263	1.10939	4.06572	9.94452
