event	Eta	Phi	pT
125554	0.532489	3.61742	0.879651
125554	0.610313	3.51413	0.993336
125554	0.854885	3.83275	2.36135
125554	0.805173	3.42317	6.08529e-05
125554	0.91269	3.46415	15.2034
125554	0.894456	3.73376	2.93087e-05
125554	0.906043	3.50209	3.19243
125554	0.727769	3.57352	2.29188e-05
125554	0.875677	3.50226	0.000119552
125554	0.837623	3.51565	0.000133041
125554	0.832448	3.56629	0.000301592
125554	0.828935	3.5532	14.074
125554	0.872116	3.57297	3.70274
125554	0.863046	3.58325	3.45625e-05
125554	0.888594	3.63591	3.75245
125554	0.840024	3.63562	35.6067
125554	0.860603	3.61029	4.18225
125554	0.862023	3.61304	1.11207
