event	Eta	Phi	pT
98952	1.12562	5.66008	9.21111
98952	1.55131	5.67289	1.45861
98952	1.39226	5.64117	2.82517e-05
98952	1.3034	5.65731	1.05644
98952	1.36204	5.68492	4.47342
98952	1.1393	5.81485	2.5913e-05
98952	1.07909	5.9164	3.7889
98952	1.45796	0.0171831	2.35599
98952	1.34706	5.76503	2.52667
98952	1.13409	6.06313	3.13107
98952	1.45625	5.89187	4.33731
98952	1.34257	5.91317	5.29839e-05
98952	1.30522	6.01666	2.40919
98952	1.31121	6.04479	7.22031
98952	1.54469	6.02178	1.21862
98952	1.42216	6.19402	2.09209e-05
98952	1.38914	6.14939	6.92492e-05
98952	1.41903	6.0123	1.07772
98952	1.42048	6.01942	0.000166801
98952	1.4367	6.08203	10.6994
