event	Eta	Phi	pT
123888	1.15923	2.75275	1.1273
123888	1.31761	2.89116	1.64103
123888	1.39899	2.90133	3.96428
123888	1.70741	2.66857	2.9553
123888	1.50115	2.65857	0.000161104
123888	1.47208	2.66597	2.31361e-05
123888	1.42346	2.7417	2.00985e-05
123888	1.48492	2.76948	20.4694
123888	1.62539	2.28932	1.05107
123888	1.66569	2.59894	5.6287e-05
123888	1.40307	2.675	3.41003e-05
123888	1.55735	2.31477	1.40267
123888	1.64035	2.52496	3.60949e-05
123888	1.6127	2.49799	5.43918e-05
123888	1.584	2.41526	9.64617
123888	1.55043	2.60107	5.46838e-05
123888	1.4962	2.59241	1.73466
123888	1.46498	2.42564	7.18216
123888	1.46637	2.53259	9.70157
123888	1.42376	2.5722	9.16591e-05
123888	1.43669	2.5074	7.25128e-05
123888	1.38195	2.48013	1.56775
123888	1.39362	2.50808	12.7539
