event	Eta	Phi	pT
104724	0.379959	0.0619557	5.11269
104724	0.13491	5.7997	1.59865
104724	0.388984	6.21992	2.44706
104724	0.720148	6.02441	2.16247
104724	0.345162	5.76826	4.89568
104724	0.304826	5.82332	1.3572
104724	0.314376	5.82425	8.12484
104724	0.334566	5.90058	8.11128e-05
104724	0.35012	5.91971	4.40106
104724	0.484324	5.89192	1.35806
104724	0.50117	5.89172	23.8356
104724	0.596368	6.03333	10.4823
104724	0.360424	6.11787	4.05614e-05
104724	0.421641	5.89935	7.6248e-05
104724	0.394139	5.92337	0.000115092
104724	0.54015	6.08057	2.82241
104724	0.544173	5.99355	1.00858
104724	0.356128	5.99193	3.72703e-05
104724	0.451002	5.93882	8.0196e-05
104724	0.432646	5.99517	16.5533
104724	0.46676	6.00476	7.21489e-05
104724	0.461044	6.04311	21.9498
