event	Eta	Phi	pT
133275	-2.18124	4.10355	0.993951
133275	-1.99542	3.83917	3.59463
133275	-1.75432	4.46216	4.29024
133275	-2.10632	4.13872	1.179
133275	-1.9927	3.92048	0.938954
133275	-1.77963	4.34782	4.8585
133275	-1.57338	4.02241	4.94795
133275	-1.6911	4.24235	5.01761e-05
133275	-1.8765	4.20751	2.52584e-05
133275	-1.85732	4.01153	2.39927
133275	-1.74737	4.22197	2.14952e-05
133275	-1.85305	4.17695	4.30616
133275	-1.86248	4.09941	0.717296
133275	-1.71726	4.10652	10.5078
133275	-1.81679	4.04858	5.5926e-05
133275	-1.81834	4.05369	2.10118
133275	-1.82562	4.10859	5.25687e-05
133275	-1.77771	4.09124	15.031
