event	Eta	Phi	pT
124751	-1.06297	2.93707	3.05991e-05
124751	-0.718626	3.34993	0.984478
124751	-1.02072	3.4725	3.38564e-05
124751	-1.06648	3.21842	3.22135
124751	-0.956192	3.38915	30.0889
124751	-1.00526	3.24574	2.72464
124751	-0.827806	3.17544	6.0433e-05
124751	-0.819969	3.22984	3.27704
124751	-0.90924	3.18195	11.2186
124751	-0.843097	3.25908	2.39478
124751	-0.892488	3.31848	5.11043e-05
124751	-0.896407	3.2779	0.000111792
124751	-0.911223	3.26295	9.15648e-05
124751	-0.909564	3.27074	4.73394
124751	-0.902845	3.26821	37.3096
