event	Eta	Phi	pT
199572	-0.454385	0.683454	1.71526
199572	-0.772276	0.705336	1.99707
199572	-0.850665	0.63786	3.64032
199572	-0.615137	0.187748	3.36368
199572	-0.866193	0.46982	1.79787
199572	-0.65448	0.623603	3.45707
199572	-0.657027	0.283614	7.15772
199572	-0.777308	0.478917	8.72836
199572	-0.735231	0.383149	2.4456e-05
199572	-0.682375	0.36745	4.2795
199572	-0.528449	0.494899	5.6009e-05
199572	-0.689795	0.419127	7.11681e-05
199572	-0.691746	0.413687	3.3732
199572	-0.66261	0.507148	5.18455e-05
199572	-0.67661	0.441737	3.84607e-05
199572	-0.648042	0.503153	1.98811
199572	-0.599781	0.463342	3.53054
199572	-0.634554	0.457922	2.53282
199572	-0.621989	0.4474	3.63295
199572	-0.616502	0.455684	16.0789
199572	-0.563186	0.401606	1.37993
199572	-0.564791	0.411566	3.92856
