event	Eta	Phi	pT
119017	0.270891	5.2037	0.85007
119017	0.0202161	5.17517	10.4376
119017	0.00745217	4.57078	2.90068
119017	0.141321	4.71889	8.92085
119017	0.251286	4.98857	1.03382
119017	0.018698	4.97589	3.76641e-05
119017	0.142924	4.8083	9.58366e-05
119017	0.128778	4.8124	12.9054
119017	0.0613863	5.0225	3.82575e-05
119017	0.0297993	4.96998	3.41697e-05
119017	0.0673711	4.84419	2.34752e-05
119017	0.215694	4.92596	2.32038
119017	0.186767	4.87484	1.57501
119017	0.168492	4.87672	2.99461e-05
119017	0.131077	4.9656	3.11157
119017	0.119835	4.92992	12.6125
119017	0.138859	4.93436	6.77071
