event	Eta	Phi	pT
30107	0.744497	2.1059	2.75161e-05
30107	0.672061	2.0871	7.69927
30107	0.709511	2.0308	3.09413
30107	0.546315	1.99047	2.28419
30107	0.782953	1.95093	1.19825
30107	0.572371	1.47444	11.8278
30107	0.877708	1.68919	2.88623
30107	0.848341	1.81811	2.25675e-05
30107	0.63946	1.87535	12.9736
30107	0.635082	1.52832	0.987309
30107	0.725323	1.76755	2.79963
30107	0.677205	1.79821	3.5468e-05
30107	0.522982	1.6711	3.05299e-05
30107	0.540933	1.65915	5.4585
30107	0.580336	1.60018	1.81999
30107	0.596407	1.7238	2.47897e-05
30107	0.628287	1.72666	4.41711
30107	0.681328	1.70758	2.8934
30107	0.645341	1.65969	23.516
