event	Eta	Phi	pT
1682	1.15046	2.56181	1.05798
1682	0.922208	2.66707	7.30754
1682	1.04416	2.6054	3.88596e-05
1682	0.887586	2.64717	4.61381e-05
1682	0.910179	2.62659	4.15185
1682	1.15641	2.33809	3.50507
1682	0.923179	2.59218	4.94902
1682	0.936729	2.51361	5.05079e-05
1682	0.87877	2.52233	8.25964
1682	0.97179	2.47803	3.73447e-05
1682	0.854027	2.50409	1.32316
1682	0.638112	2.20014	2.18776
1682	1.0399	2.30929	3.15125e-05
1682	1.00893	2.3381	3.8226
1682	0.902299	2.40537	3.3958
1682	0.850412	2.38679	4.97493
1682	0.938704	2.34769	2.32253
1682	0.788651	2.18736	4.31753
1682	0.911711	2.29012	3.22279
1682	0.917465	2.2422	1.06626
1682	0.888573	2.28719	7.52487
1682	0.855775	2.3054	0.000133279
1682	0.81765	2.22009	5.37219e-05
1682	0.812298	2.25593	2.19411
1682	0.83293	2.23599	30.2981
1682	0.842148	2.25348	14.395
