event	Eta	Phi	pT
90518	-1.08032	0.314866	2.26187
90518	-1.06583	0.828004	4.97285e-05
90518	-1.29043	0.70001	3.3205
90518	-1.22243	0.538374	3.09317
90518	-1.27758	0.532731	25.8718
90518	-1.04529	0.662813	4.18847
90518	-1.188	0.625935	0.000144033
90518	-1.16689	0.677992	2.23391
90518	-1.1739	0.670717	19.3931
90518	-1.16995	0.523487	5.47924e-05
90518	-1.1951	0.557269	4.95552e-05
90518	-1.12313	0.534881	6.58666
90518	-1.19374	0.58625	1.89072
90518	-1.10577	0.613937	2.68707
90518	-1.14054	0.593136	22.5065
