event	Eta	Phi	pT
109899	-2.08729	5.44305	1.18623
109899	-1.83682	6.12314	0.99837
109899	-1.85867	5.51143	2.51781
109899	-1.98893	5.51307	2.60043e-05
109899	-2.0341	5.55233	4.571
109899	-2.10768	5.94411	2.1751
109899	-1.96526	6.0069	3.32568
109899	-1.73744	5.87018	1.04671
109899	-1.95932	5.64168	3.98123e-05
109899	-1.89175	5.91264	0.000124486
109899	-2.00403	5.67629	3.23145e-05
109899	-1.88205	5.81864	17.7555
109899	-1.92113	5.71926	3.49587e-05
109899	-2.01534	5.75829	0.00016744
109899	-1.9736	5.71764	0.000125986
109899	-1.94493	5.74311	11.1037
109899	-1.96799	5.77787	17.8656
