event	Eta	Phi	pT
148872	-0.72921	5.20177	5.38243
148872	-0.717858	5.22914	13.3315
148872	-0.993292	5.37873	3.80164
148872	-0.779047	5.09652	6.03139e-05
148872	-0.928348	5.33307	2.52306
148872	-1.108	4.98714	1.77741
148872	-0.974975	5.31621	8.65031e-05
148872	-1.08829	5.24252	2.93546e-05
148872	-1.08517	5.20256	2.51447
148872	-1.01037	5.08568	12.7213
148872	-0.92411	5.15763	7.02281
148872	-1.01616	5.12468	8.77497e-05
148872	-1.02952	5.15897	2.17012
148872	-0.971662	5.20073	1.10882
148872	-1.00822	5.19435	3.53365e-05
148872	-1.00417	5.19571	0.000105093
148872	-0.984883	5.15872	16.9901
