event	Eta	Phi	pT
131421	-0.0810848	1.99657	2.60669
131421	0.16283	2.01915	9.43442
131421	-0.0108947	1.62014	1.17656
131421	-0.0132097	1.65769	2.99943e-05
131421	0.128426	1.8527	4.11644e-05
131421	0.145277	1.83654	2.32806
131421	0.0197963	1.74019	1.07404
131421	0.162399	1.72413	2.27647
131421	0.055949	1.71001	14.3931
131421	0.096262	1.7096	9.61059
131421	0.158512	1.7566	2.10196
131421	0.148238	1.74387	14.3128
131421	0.0859923	1.71727	6.73614
131421	0.129751	1.74309	1.11633
131421	0.097466	1.84181	4.54062e-05
131421	0.0523604	1.79492	2.90514
131421	0.0697051	1.80507	6.66242e-05
131421	0.117858	1.77931	2.43245
131421	0.0874864	1.79184	2.02894
131421	0.0919254	1.78491	75.2859
