event	Eta	Phi	pT
56677	1.47038	5.88866	2.00576
56677	1.54492	5.82939	5.1479e-05
56677	1.31682	5.45548	1.54621
56677	1.56858	5.40876	5.52701e-05
56677	1.51461	5.40159	11.8717
56677	1.30362	5.6089	1.66156
56677	1.4307	5.69259	3.41861
56677	1.55053	5.52316	4.67456e-05
56677	1.55083	5.5253	4.23456
56677	1.54066	5.64769	3.12419
56677	1.54643	5.59912	2.71018
56677	1.55373	5.61145	2.48293e-05
56677	1.54309	5.61873	8.99567
56677	1.45831	5.65308	3.57673e-05
56677	1.44894	5.51348	4.95858e-05
56677	1.49279	5.54128	1.06809
56677	1.44633	5.53541	3.37101e-05
56677	1.47332	5.56024	8.03495e-05
56677	1.45941	5.55823	6.09735
56677	1.44188	5.58552	2.75577
56677	1.45695	5.59825	8.20138
