event	Eta	Phi	pT
89787	-1.94232	5.0503	2.5534e-05
89787	-1.94013	5.05221	5.9428e-05
89787	-1.56619	5.28489	9.01174
89787	-1.63362	5.33782	1.91979
89787	-1.6015	5.44746	6.66202
89787	-2.14552	5.21674	1.0137
89787	-2.06635	5.19952	5.1253e-05
89787	-1.88051	5.18028	5.68443
89787	-2.10063	5.35155	4.93947
89787	-1.98412	5.31421	8.45525
89787	-1.7124	5.58257	0.927616
89787	-1.7823	5.68582	1.49611
89787	-1.75857	5.63113	1.50877
89787	-1.94032	5.57993	2.74114e-05
89787	-1.95382	5.63587	9.56148
89787	-1.76156	5.54809	1.90252
89787	-1.78796	5.5541	1.64095
89787	-1.8263	5.40682	3.72736e-05
89787	-1.95995	5.53569	7.98551e-05
89787	-1.87726	5.45984	0.599473
89787	-1.90794	5.48202	10.2643
