event	Eta	Phi	pT
23098	1.59904	1.27558	3.83644
23098	1.65732	0.568443	4.54292
23098	1.58267	0.756606	7.11471
23098	1.67754	0.806272	4.57613e-05
23098	1.49825	0.815784	6.40722
23098	1.58708	1.00541	2.22551
23098	1.53526	0.946727	6.25099
23098	1.55305	0.84576	3.50382
23098	1.56649	0.841817	3.6723e-05
23098	1.61316	0.852075	6.48817e-05
23098	1.60524	0.861492	15.2914
23098	1.59846	0.964888	1.14119
23098	1.57827	0.890961	0.000109796
23098	1.5755	0.906765	0.000136984
23098	1.57584	0.907229	3.66515
23098	1.58853	0.905569	8.16059
23098	1.60286	0.917686	20.5751
23098	1.59007	0.911138	1.98147
23098	1.59	0.919622	19.5424
