event	Eta	Phi	pT
21784	0.925761	4.35328	7.97734
21784	0.953256	4.05034	1.35718
21784	0.877061	3.87327	5.80151
21784	0.548025	4.26677	1.86951
21784	0.913907	4.10511	2.88334e-05
21784	0.918991	4.05592	3.23006e-05
21784	0.812227	3.86663	2.9773
21784	0.762403	4.25943	2.93217e-05
21784	0.842156	4.11547	5.24639
21784	0.703354	3.87995	1.49305
21784	0.843537	4.0408	4.68463e-05
21784	0.793912	3.96854	5.32592e-05
21784	0.746769	3.92752	2.24438
21784	0.79149	4.04517	2.06926
21784	0.741095	4.03321	1.16446
21784	0.768654	4.02132	9.6466
21784	0.6267	4.09198	0.000185375
21784	0.684567	4.10419	23.643
21784	0.593543	4.02522	23.4906
21784	0.587136	4.13906	0.000104628
21784	0.575287	4.12063	0.00019975
21784	0.589806	4.11556	7.42228
