event	Eta	Phi	pT
43075	1.7801	0.438933	3.0073
43075	1.32409	0.415131	1.24976
43075	1.66956	0.40477	1.62297
43075	1.80694	0.230416	2.78344e-05
43075	1.4667	6.20068	1.97496
43075	1.79221	0.146902	2.42363e-05
43075	1.41968	0.2147	7.17334
43075	1.44378	0.254064	2.9117e-05
43075	1.49556	0.294738	1.45601
43075	1.4573	0.217235	2.42571
43075	1.64994	0.225745	5.33914
43075	1.65683	0.193491	2.39053e-05
43075	1.66179	0.160618	4.71641e-05
43075	1.6656	0.160071	5.97652
43075	1.47193	0.13174	6.10291e-05
43075	1.53166	0.0598667	7.29899
43075	1.62765	0.139462	2.8106
43075	1.61537	0.161573	4.45404
43075	1.51748	0.111988	0.000160036
43075	1.56384	0.144708	0.000312877
43075	1.56023	0.122565	15.4464
