event	Eta	Phi	pT
174829	-2.0889	1.51202	1.48145
174829	-2.11869	1.42503	1.5425
174829	-2.03759	1.21368	3.3378
174829	-1.90822	1.07864	1.3365
174829	-1.78528	1.00909	3.90348
174829	-1.79615	1.08606	13.1497
174829	-1.86388	1.49692	0.731878
174829	-1.90731	1.11811	0.918222
174829	-1.94886	1.17736	3.54474e-05
174829	-1.96924	1.256	0.512019
174829	-1.78098	1.16318	2.89615e-05
174829	-1.7747	1.18533	3.62995e-05
174829	-1.80915	1.18171	8.1421e-05
174829	-1.89435	1.3345	1.04926
174829	-1.75186	1.23345	1.39568
174829	-1.74478	1.26765	0.932011
174829	-1.78099	1.23069	5.51618e-05
174829	-1.84558	1.3488	1.16217
174829	-1.78269	1.25173	2.67188e-05
174829	-1.80237	1.27928	1.96522
174829	-1.81289	1.29399	22.8211
