event	Eta	Phi	pT
54515	-0.938461	0.547656	1.76951
54515	-1.32644	0.99781	3.58063e-05
54515	-0.658958	0.977759	0.980374
54515	-0.866997	1.21726	2.01905e-05
54515	-0.824719	0.650095	3.12241e-05
54515	-1.0825	0.667363	4.13946
54515	-1.1756	0.733685	1.20698
54515	-1.16519	1.00048	10.0056
54515	-1.10355	0.765763	2.20112
54515	-0.747495	0.998381	1.75669
54515	-1.02234	1.06089	0.000136072
54515	-0.901567	0.761019	4.94841e-05
54515	-0.932724	0.765782	3.22878
54515	-1.0406	0.971817	9.07247
54515	-0.893019	1.02406	1.98751
54515	-0.854583	0.986417	3.8659
54515	-0.892211	0.987031	3.99704
54515	-0.979686	0.951673	1.35559
54515	-0.915385	0.893332	1.09994
54515	-0.869511	0.89847	9.00287e-05
54515	-0.890698	0.903619	5.81009e-05
54515	-0.888706	0.906362	10.2784
54515	-0.941574	0.825788	4.71771
54515	-0.941205	0.865934	7.40191
