event	Eta	Phi	pT
152994	-0.591825	6.21705	1.97297
152994	-0.370772	0.241917	1.76424
152994	-0.379809	0.25131	2.59917e-05
152994	-0.405082	0.362877	1.239
152994	-0.598777	0.0262811	2.99173
152994	-0.578546	0.430316	0.981125
152994	-0.539061	0.148803	2.48731
152994	-0.740544	0.3518	10.2393
152994	-0.705321	0.315545	11.2842
152994	-0.582678	0.139252	2.41358e-05
152994	-0.70531	0.287528	9.85367e-05
152994	-0.710317	0.268424	9.66325e-05
152994	-0.530751	0.20032	4.57452e-05
152994	-0.536618	0.212613	0.970443
152994	-0.68727	0.273036	0.000264028
152994	-0.648265	0.279776	1.50426
152994	-0.602366	0.25751	11.9793
152994	-0.619004	0.229552	2.59186
152994	-0.620335	0.243228	26.6568
