event	Eta	Phi	pT
97880	0.114019	5.11703	4.77993
97880	0.0320459	5.03154	3.54001e-05
97880	0.185464	4.54897	2.54416
97880	0.118515	4.70649	1.40258
97880	0.163138	4.69729	1.38597
97880	0.173803	4.91746	3.44667e-05
97880	0.143857	4.80974	2.6783e-05
97880	0.358777	4.78295	4.34282
97880	0.336685	4.83048	12.0629
97880	0.308446	4.75641	9.01567e-05
97880	0.313552	4.76659	1.19417
97880	0.297503	4.83762	2.30642
97880	0.282386	4.8143	2.82142
97880	0.265838	4.82834	5.44581
97880	0.267145	4.80694	4.92653
97880	0.233716	4.8191	2.84607e-05
97880	0.23179	4.79891	2.05373
97880	0.233708	4.80488	13.5912
