event	Eta	Phi	pT
181523	-0.765876	2.19512	10.7212
181523	-0.453251	1.68095	0.872313
181523	-0.502325	1.70575	5.93178
181523	-0.340559	1.84799	1.99446
181523	-0.722368	1.99951	3.39576e-05
181523	-0.395674	2.04498	1.68598
181523	-0.548537	2.0385	10.2987
181523	-0.410436	1.821	2.07883
181523	-0.447559	1.97528	2.14422e-05
181523	-0.540885	1.96406	7.16988e-05
181523	-0.561138	1.98068	8.05233e-05
181523	-0.570502	1.95714	7.55334
181523	-0.479405	1.90995	3.23213e-05
181523	-0.50008	1.91449	0.000114353
181523	-0.513819	1.92784	8.0566
181523	-0.493566	1.79663	4.91882
181523	-0.546985	1.89584	9.43362e-05
181523	-0.596128	1.81959	1.01801
181523	-0.567504	1.83886	11.2062
