event	Eta	Phi	pT
137285	1.17945	0.869272	11.4104
137285	1.49167	0.345413	0.940307
137285	1.06167	0.267859	2.35016
137285	1.23229	0.238738	4.67493
137285	1.01806	0.546465	4.22071
137285	1.19477	0.345664	2.82069
137285	1.27446	0.356277	6.19166e-05
137285	1.33242	0.473394	6.75323
137285	1.32899	0.609409	7.73203e-05
137285	1.28624	0.627196	5.22574
137285	1.17649	0.598122	2.83969e-05
137285	1.2382	0.466052	0.000119806
137285	1.28804	0.559656	1.79091
137285	1.20262	0.554816	6.40286
137285	1.20893	0.537366	3.05806e-05
137285	1.24795	0.544505	6.48379e-05
137285	1.24038	0.530311	17.9929
