event	Eta	Phi	pT
60707	1.03223	4.25622	2.20824
60707	1.1275	4.83456	1.55195
60707	0.915283	4.7949	14.2445
60707	1.04675	4.72131	6.63934e-05
60707	0.822557	4.45096	2.07646e-05
60707	1.07011	4.65154	2.02374e-05
60707	0.939302	4.41131	2.08392e-05
60707	0.936268	4.45644	20.3689
60707	1.07063	4.6033	2.59192e-05
60707	0.98276	4.47117	3.18167
60707	1.00007	4.49746	3.10652e-05
60707	1.03913	4.60203	6.17066
60707	1.01946	4.62764	1.72124
60707	1.00025	4.52259	4.73943
60707	0.990389	4.65224	3.72463
60707	0.978769	4.62812	7.0635
60707	0.989	4.56455	2.1587
60707	0.951466	4.63254	8.55641e-05
60707	0.965605	4.53744	6.26235e-05
60707	0.874189	4.57997	1.54864
60707	0.952706	4.58742	8.90565e-05
60707	0.914821	4.57523	36.1627
