event	Eta	Phi	pT
97802	2.06453	0.10125	3.60291
97802	2.101	0.160905	4.86906e-05
97802	1.83915	0.549164	4.63352
97802	2.11142	0.216018	1.09511
97802	2.21933	0.274009	0.523721
97802	2.02147	0.318572	2.90813e-05
97802	2.062	0.318295	2.6982
97802	1.99494	0.437195	8.51717
97802	2.33034	0.410997	0.785397
97802	2.25964	0.360315	0.50036
97802	2.20166	0.362521	4.46059e-05
97802	2.0617	0.421888	5.30372e-05
97802	2.05506	0.550201	1.74083
97802	2.23778	0.558831	4.04602e-05
97802	2.23556	0.468086	1.22162
97802	2.14729	0.457445	3.32407
97802	2.15761	0.460023	2.21988
97802	2.18729	0.54522	0.686754
97802	2.2068	0.495941	0.00022606
97802	2.15295	0.509286	2.38419e-05
97802	2.18157	0.501274	6.73304e-05
97802	2.18008	0.50866	56.6278
