event	Eta	Phi	pT
138056	0.924739	5.48147	3.42243
138056	0.942956	5.37464	1.95427
138056	0.87103	5.25278	3.39516e-05
138056	0.995494	4.98511	7.94224
138056	1.10293	5.02283	13.1267
138056	1.08176	5.29751	5.86354
138056	1.04575	5.09356	1.2289
138056	0.963627	5.18131	1.86577
138056	1.06092	5.11537	9.81683e-05
138056	1.05601	5.21559	0.000130123
138056	1.08382	5.15245	9.07466e-05
138056	1.04075	5.21182	4.8992
138056	1.02563	5.20739	1.53601
138056	1.00074	5.15497	3.02918
138056	1.04229	5.13796	4.1867
138056	1.04945	5.15068	14.5832
138056	1.01847	5.16296	11.8133
138056	1.0324	5.16602	2.69001
138056	1.03821	5.18212	14.4506
