event	Eta	Phi	pT
117089	1.15168	2.12854	2.38088
117089	1.1865	2.19589	1.12382
117089	0.674343	2.25069	1.08147
117089	1.28029	2.55975	2.08861e-05
117089	1.1642	2.21971	1.06274
117089	0.806239	2.18278	2.47465e-05
117089	0.655432	2.46842	1.55237
117089	0.767175	2.2459	2.05901e-05
117089	1.05615	2.20487	1.39097
117089	1.09585	2.64658	5.70779
117089	0.96007	2.65241	5.81031
117089	0.861558	2.59258	4.39779
117089	1.09954	2.49316	1.56549
117089	0.994991	2.53892	3.32742
117089	1.042	2.36827	4.37553
117089	1.04613	2.40509	2.58143
117089	0.950914	2.52109	1.47553
117089	1.01006	2.41535	2.66125e-05
117089	0.96824	2.45596	6.97004
117089	0.992501	2.39597	4.53096e-05
117089	0.760352	2.37877	2.39646e-05
117089	0.901259	2.31057	8.27703e-05
117089	0.894613	2.40295	6.71099
117089	0.846044	2.36943	8.72288e-05
117089	0.863938	2.35476	9.95584
