event	Eta	Phi	pT
109564	-2.45773	0.0206351	3.48921e-05
109564	-2.2549	6.21346	2.19841
109564	-2.1787	5.91332	2.7197
109564	-2.47307	6.23702	1.86704
109564	-2.3812	6.2254	5.25048e-05
109564	-2.33352	6.14119	0.645551
109564	-2.43109	6.07455	4.46149e-05
109564	-2.46374	6.07741	4.72041e-05
109564	-2.46041	6.13257	16.8618
109564	-2.53356	5.87135	2.80489
109564	-2.35763	5.79284	1.29493
109564	-2.32159	6.04424	5.35561e-05
109564	-2.29865	5.9599	3.42285
109564	-2.35119	6.03475	5.79401e-05
109564	-2.43883	6.03028	2.37837e-05
109564	-2.33665	5.98789	1.81464
109564	-2.38537	5.96159	9.68936
109564	-2.38716	5.93465	2.39479
109564	-2.40349	5.94227	15.6875
