event	Eta	Phi	pT
9808	1.90261	1.77487	4.32594e-05
9808	1.92252	1.82018	4.61364
9808	2.06019	1.84121	0.835505
9808	1.97235	1.95218	0.000117665
9808	1.97114	1.97667	1.47208
9808	2.10356	1.8296	0.881204
9808	2.25574	2.28989	2.61662e-05
9808	2.38435	2.12764	7.84534e-05
9808	2.39526	2.12185	6.53407
9808	2.25924	2.09908	15.2064
9808	2.19951	2.12079	4.23034
9808	2.08697	2.062	0.000107313
9808	2.2201	2.07807	8.50277e-05
9808	2.134	1.96985	1.03177
9808	2.14009	2.01592	14.2704
9808	2.19722	2.08118	4.25456e-05
9808	2.18406	2.03768	17.4899
