event	Eta	Phi	pT
105184	-0.764168	6.2427	2.99974e-05
105184	-0.800834	6.2041	9.69178e-05
105184	-0.843472	6.14514	15.712
105184	-0.541202	0.00102804	4.22291
105184	-0.514069	6.18458	3.67539
105184	-0.655209	5.73075	8.50446
105184	-0.693291	5.78464	4.50308
105184	-0.428572	6.07316	1.39754
105184	-0.696085	5.93983	5.90084
105184	-0.451986	6.05021	1.67378
105184	-0.499689	6.06954	1.54852
105184	-0.538706	6.07303	3.4398e-05
105184	-0.478631	6.04034	15.5286
105184	-0.507931	5.82755	2.42527
105184	-0.613524	6.04436	2.03833e-05
105184	-0.636013	5.84846	7.21834e-05
105184	-0.513709	6.04121	2.08411
105184	-0.638431	5.95728	17.8064
105184	-0.605129	5.87874	0.000393017
105184	-0.490365	5.97966	5.25166e-05
105184	-0.552217	5.87105	1.91872
105184	-0.510715	5.96937	3.05666
105184	-0.528628	5.97125	0.000320793
105184	-0.571176	5.94562	50.5285
105184	-0.536923	5.95278	0.00027131
105184	-0.50669	5.93541	4.4626e-05
105184	-0.533041	5.9243	64.9829
