event	Eta	Phi	pT
183512	-1.43542	3.14429	2.50012
183512	-1.33106	2.57001	1.52749
183512	-1.36716	3.08654	1.75986
183512	-1.44759	2.8643	27.8824
183512	-1.23223	2.68654	4.65695
183512	-1.4336	2.80814	1.98492
183512	-1.27964	2.95567	9.91269e-05
183512	-1.35696	2.77797	8.26056e-05
183512	-1.35257	2.78557	2.14514
183512	-1.32291	2.81204	3.43761e-05
183512	-1.34948	2.81593	6.74055
183512	-1.34357	2.83297	27.782
183512	-1.31226	2.885	4.93867
183512	-1.25392	2.80117	11.128
183512	-1.2261	2.82183	10.4949
183512	-1.27117	2.81675	1.55891
183512	-1.28363	2.83165	2.09348
183512	-1.28362	2.84316	4.93092e-05
183512	-1.24323	2.82957	2.02785
183512	-1.25907	2.84352	31.3085
