event	Eta	Phi	pT
8937	-1.54444	4.11261	2.68011
8937	-1.13845	3.87448	2.01155
8937	-1.40666	3.74227	5.76451
8937	-1.45792	3.76573	23.6478
8937	-1.29888	4.14065	4.07669e-05
8937	-1.21104	3.8776	0.934109
8937	-1.41216	4.08493	2.16074
8937	-1.39828	4.03126	4.55055e-05
8937	-1.38682	3.85989	4.77195e-05
8937	-1.4345	3.89197	0.000103791
8937	-1.40891	3.89222	2.46191
8937	-1.3636	3.98801	6.29593
8937	-1.38815	3.96278	11.0028
8937	-1.3643	3.94801	4.64175
8937	-1.36264	3.92501	8.6407
8937	-1.34397	3.92308	5.5049
