event	Eta	Phi	pT
89172	1.01581	3.13134	2.0913e-05
89172	1.34299	2.95233	5.87142
89172	1.2224	3.37485	3.0584e-05
89172	1.33565	3.36283	21.0621
89172	1.25635	3.09442	5.58552
89172	1.32357	3.06672	2.09903e-05
89172	1.26814	3.22353	4.752e-05
89172	1.27078	3.21233	8.35145
89172	1.38148	3.09631	4.27391e-05
89172	1.43373	3.12619	6.83856
89172	1.30465	3.18687	1.68751
89172	1.31505	3.24066	2.5695
89172	1.32305	3.20194	3.78072e-05
89172	1.35232	3.25115	9.74291e-05
89172	1.34405	3.22531	0.000116182
89172	1.40423	3.18395	2.91386
89172	1.41475	3.21396	5.77265e-05
89172	1.39648	3.20678	9.14895
89172	1.39014	3.21148	7.73213
