event	Eta	Phi	pT
144733	0.811004	5.85009	11.3751
144733	0.697573	6.24829	1.07654
144733	0.788953	0.027609	2.22254e-05
144733	1.03376	5.90355	1.10135
144733	0.833694	6.26902	3.91631e-05
144733	0.778256	6.13343	3.28537e-05
144733	0.789175	6.07497	5.42083
144733	0.814405	6.1753	1.87467
144733	0.964365	0.0322434	2.52194e-05
144733	1.05932	0.0033246	5.26574e-05
144733	1.16532	6.14318	4.51637
144733	1.0188	6.23459	2.04632
144733	0.990969	6.23294	3.99537
144733	0.988146	6.20663	6.39999e-05
144733	0.984578	6.20088	7.26494
144733	1.05545	6.03215	5.98602
144733	1.01938	6.07261	5.57831e-05
144733	0.966038	6.07265	0.000149553
144733	0.971195	6.07365	1.11182
144733	0.971152	6.08896	21.4903
