event	Eta	Phi	pT
178457	2.43922	5.23424	3.09738
178457	2.1512	4.96789	0.538283
178457	2.18786	4.7777	2.55921
178457	2.60056	4.74735	2.53566
178457	2.44665	4.66992	7.36253
178457	2.50404	4.70929	0.646457
178457	2.44544	5.05793	2.98295e-05
178457	2.46929	5.02575	18.9763
178457	2.36007	4.72733	4.84608e-05
178457	2.4561	4.80157	2.65038
178457	2.28457	4.90605	2.59252e-05
178457	2.3011	4.92373	2.30837
178457	2.39665	4.79333	0.928404
178457	2.4101	4.93473	0.000174957
178457	2.36063	4.86684	2.04812
178457	2.383	4.87162	27.8376
