event	Eta	Phi	pT
162160	0.943273	1.29545	1.78873
162160	1.04027	0.570517	3.39524
162160	1.03534	0.766861	4.69205e-05
162160	0.898006	1.05571	5.39017e-05
162160	0.886083	0.798932	0.000106944
162160	0.998321	0.834693	2.08361
162160	0.876639	1.02248	0.000110859
162160	1.02231	0.92724	0.000136021
162160	0.958063	0.841161	8.77959
162160	0.946742	0.973655	5.0728
162160	0.965435	0.896788	1.60256
162160	0.93289	0.969145	6.02866
162160	0.938794	0.948659	2.42338e-05
162160	0.895356	0.900154	31.3309
162160	0.904174	0.951156	1.64096
162160	0.910144	0.954338	11.0867
