event	Eta	Phi	pT
195254	-1.42628	6.12623	2.32033
195254	-1.05281	6.14923	1.63932
195254	-1.27385	6.08518	2.22859e-05
195254	-1.17819	6.09663	8.35827
195254	-1.39884	5.97826	3.38851e-05
195254	-1.41162	5.71281	11.321
195254	-1.20971	6.07706	1.46092
195254	-1.3693	5.68369	3.91191
195254	-1.17181	5.60366	2.16363
195254	-1.12992	5.60661	2.49148e-05
195254	-1.09938	6.02479	2.69334e-05
195254	-1.23785	5.63895	2.90881
195254	-1.32486	5.91311	8.70921
195254	-1.06335	5.98754	1.42658
195254	-1.22489	5.98927	6.76635
195254	-1.08751	5.98572	2.864e-05
195254	-1.31098	5.8959	4.59413e-05
195254	-1.27525	5.69116	3.53957
195254	-1.23325	5.94616	2.55851e-05
195254	-1.11036	5.95545	3.32694e-05
195254	-1.04407	5.83533	35.805
195254	-1.15223	5.93712	2.38358
195254	-1.31841	5.79355	9.16832e-05
195254	-1.28478	5.88995	2.47524
195254	-1.2104	5.91268	8.2493
195254	-1.19448	5.89164	2.54282e-05
195254	-1.26546	5.7726	4.2053e-05
195254	-1.21368	5.85459	4.51488e-05
195254	-1.23406	5.84389	5.95372e-05
195254	-1.24905	5.81015	0.000285876
195254	-1.23986	5.81197	28.0386
195254	-1.19353	5.85683	0.000107311
195254	-1.08978	5.82059	0.000185457
195254	-1.12685	5.84686	7.73669e-05
195254	-1.1207	5.7793	1.68159
195254	-1.16349	5.78969	0.000229435
195254	-1.15143	5.78915	13.4504
195254	-1.15376	5.7865	45.3644
