event	Eta	Phi	pT
37231	-0.129243	3.22468	1.0374
37231	0.302854	3.58818	8.5807e-05
37231	0.343469	3.55369	17.1099
37231	0.207932	3.79886	0.952895
37231	0.00443771	3.86042	2.89161e-05
37231	0.0364768	3.80346	3.40161
37231	0.185795	3.72534	3.74635
37231	-0.0910021	3.76563	2.92966
37231	0.18016	3.66915	1.68958
37231	0.0106306	3.69159	4.37938e-05
37231	0.0352009	3.66787	6.47461e-05
37231	0.0798351	3.41752	0.827163
37231	0.00591475	3.60451	3.78681e-05
37231	0.0619755	3.46416	2.91352e-05
37231	-0.0607674	3.49144	5.7875
37231	-0.0390692	3.52554	1.82595
37231	-0.0250023	3.48101	19.6497
37231	-0.0228555	3.52557	2.24631
37231	0.0300235	3.49893	1.3925
37231	-0.0029055	3.49359	8.47961
37231	0.0290433	3.51386	1.73819
37231	0.0143774	3.51844	7.74096
37231	0.00394854	3.51522	14.8518
