event	Eta	Phi	pT
159987	-0.195871	1.34878	4.01144
159987	-0.518427	1.89128	3.98813
159987	-0.177573	1.78387	2.55094
159987	-0.18658	1.5048	2.86805e-05
159987	-0.248404	1.5571	3.26622e-05
159987	-0.365189	1.47226	3.74811
159987	-0.406977	1.49363	8.11833
159987	-0.380488	1.4957	3.34753
159987	-0.382825	1.70432	21.9504
159987	-0.410883	1.52643	5.43225e-05
159987	-0.398231	1.53821	2.46859
159987	-0.442807	1.61752	3.21821e-05
159987	-0.405826	1.65869	4.8055e-05
159987	-0.400594	1.5627	1.13911
159987	-0.409891	1.61344	11.6593
159987	-0.393416	1.62916	8.6811e-05
159987	-0.389956	1.59045	0.000111387
159987	-0.359517	1.62389	4.71107e-05
159987	-0.377452	1.6043	17.5716
159987	-0.376146	1.61675	14.6323
