event	Eta	Phi	pT
162485	1.88128	6.12762	8.09381
162485	1.68647	6.16962	2.5841
162485	1.85576	6.21706	7.72728e-05
162485	1.76541	6.24924	1.80319
162485	1.70494	6.28231	7.55504
162485	1.67473	0.285635	9.51922
162485	1.89071	0.0421132	1.021
162485	1.88323	0.0496011	3.50209e-05
162485	1.90937	0.12217	7.23475
162485	1.84757	0.079937	2.51509
162485	1.72591	0.0670501	3.37886e-05
162485	1.69636	0.0962647	0.000114467
162485	1.73873	0.243981	1.39918
162485	1.82958	0.150968	0.877535
162485	1.77977	0.103568	2.56189e-05
162485	1.73543	0.153252	20.5582
162485	1.77915	0.168053	54.4757
