event	Eta	Phi	pT
58625	-2.07645	4.74859	1.16503
58625	-1.83635	4.81909	3.79039
58625	-2.41709	5.11137	1.72215
58625	-2.30785	4.93105	1.55049
58625	-1.74573	5.30947	2.67562e-05
58625	-2.04082	5.47135	0.701591
58625	-1.85346	4.97276	2.48761e-05
58625	-2.22547	5.29086	0.616282
58625	-1.82112	5.20077	0.67948
58625	-2.05518	4.96532	2.707e-05
58625	-2.17281	5.039	1.23036
58625	-2.14065	5.10668	15.1839
58625	-2.08338	5.25762	3.83598
58625	-2.0794	5.24554	0.732085
58625	-2.01217	5.21841	1.1274
58625	-2.04836	5.11821	1.45163
58625	-2.04623	5.13426	0.000115966
58625	-1.99355	5.14638	43.7702
