event	Eta	Phi	pT
23493	2.45723	4.35426	1.84179
23493	2.63077	4.66637	0.84487
23493	1.93395	4.50485	1.21866
23493	2.29845	5.02346	0.749757
23493	2.52691	4.83967	3.67187
23493	2.46502	4.89649	1.05213
23493	2.15372	4.96221	1.04947
23493	2.05034	4.51647	1.83131
23493	2.21291	4.49123	4.06524
23493	2.14674	4.52489	3.05241
23493	2.43682	4.71133	1.06426
23493	2.38164	4.81388	2.41763
23493	2.18559	4.51879	0.556238
23493	2.13438	4.71363	7.01674e-05
23493	2.12418	4.71521	12.1405
23493	2.16174	4.58539	0.628272
23493	2.41022	4.73575	0.647514
23493	2.29768	4.81952	0.671887
23493	2.27798	4.80632	3.27979e-05
23493	2.35616	4.74484	1.88477
23493	2.22757	4.76322	2.83196
23493	2.29153	4.76335	1.77543
23493	2.35079	4.63201	2.13557
23493	2.3313	4.72727	1.58162
23493	2.26711	4.7475	2.41693
23493	2.31131	4.71774	1.21337
23493	2.32565	4.69687	2.60196
23493	2.33128	4.67976	1.40379
23493	2.22132	4.70023	4.80672e-05
23493	2.24405	4.69905	1.39269
23493	2.27344	4.62741	3.61647e-05
23493	2.25208	4.65312	1.33699
23493	2.25205	4.64566	16.8861
