event	Eta	Phi	pT
117881	-2.50596	1.56872	2.88078
117881	-2.41935	0.887492	1.15431
117881	-2.20861	1.14502	1.28267
117881	-2.27581	1.34636	2.57087
117881	-2.27397	1.32677	0.713206
117881	-2.56183	1.37483	5.80021
117881	-2.32965	1.35685	2.5035
117881	-2.27642	1.05962	0.760093
117881	-2.54912	1.2612	6.39527
117881	-2.32907	1.18413	2.05391e-05
117881	-2.36386	1.11049	5.52559e-05
117881	-2.38272	1.18543	1.91471
117881	-2.41903	1.08264	0.751606
117881	-2.4112	1.16519	6.23882
117881	-2.43391	1.15068	13.0102
117881	-2.45301	1.16309	9.08048e-05
117881	-2.46495	1.14316	23.2741
