event	Eta	Phi	pT
27845	1.54442	3.29178	2.58995
27845	1.38205	2.93553	1.74836
27845	1.14506	2.88218	1.05929
27845	0.941993	3.1654	3.09688
27845	1.16848	3.35637	2.18349e-05
27845	1.0013	3.34407	3.34892
27845	1.0792	3.42229	15.725
27845	1.00224	3.19111	2.71123
27845	1.24312	3.36214	6.90664
27845	1.35607	3.28762	1.3787
27845	1.27333	2.98544	3.55409
27845	1.3625	3.21504	2.55327e-05
27845	1.32984	3.23432	1.31773
27845	1.33408	3.19895	3.24206e-05
27845	1.28801	3.25948	3.23658
27845	1.21173	3.01064	0.916603
27845	1.2659	3.0344	2.89894e-05
27845	1.07822	3.24473	4.65763e-05
27845	1.14981	3.22834	3.4791
27845	1.22105	3.21013	7.01279e-05
27845	1.20985	3.20789	7.54223e-05
27845	1.17501	3.18152	3.06545
27845	1.23167	3.16535	6.82941e-05
27845	1.19549	3.13181	15.378
