event	Eta	Phi	pT
99162	-1.64818	5.45849	1.85908
99162	-1.90301	5.11923	0.843385
99162	-1.69971	4.85112	1.6709
99162	-1.61556	4.82034	5.33806
99162	-1.66383	5.28972	2.00776
99162	-1.61276	4.93963	7.09826e-05
99162	-1.45299	4.98554	6.6638
99162	-1.57364	5.01294	3.93806
99162	-1.6175	5.20516	6.7142e-05
99162	-1.59254	5.21327	2.85757e-05
99162	-1.60514	5.08157	2.82627
99162	-1.53096	5.05204	8.20462
99162	-1.54186	5.06035	7.93697e-05
99162	-1.5708	5.18937	2.17533e-05
99162	-1.49795	5.11341	0.000855341
99162	-1.52498	5.144	57.0825
99162	-1.50014	5.16645	5.72044
