event	Eta	Phi	pT
163378	0.210841	1.4312	2.45257
163378	0.178699	1.74571	2.17577e-05
163378	0.943759	1.62437	2.14928e-05
163378	0.745089	1.85039	3.94804
163378	0.724275	1.78018	5.93157
163378	0.752607	1.73399	0.941124
163378	0.394423	1.67017	1.31968
163378	0.487679	1.75535	1.45639
163378	0.450607	1.67699	1.18094
163378	0.482933	1.67935	6.63144
163378	0.473358	1.70425	2.18879
163378	0.386251	1.59973	3.88449
163378	0.541798	1.39652	4.3553
163378	0.550414	1.66621	4.65834e-05
163378	0.595989	1.48053	1.59972
163378	0.591211	1.60265	2.03046e-05
163378	0.553541	1.61499	0.000107765
163378	0.541372	1.55782	17.1844
