event	Eta	Phi	pT
46202	0.328596	2.33033	0.956522
46202	0.379439	2.38502	1.06243
46202	0.654839	2.80377	5.27742
46202	0.667754	2.76362	8.3089
46202	0.639723	2.7354	2.17746
46202	0.77439	2.41044	2.02374
46202	0.763699	2.63566	2.23848e-05
46202	0.655183	2.70072	4.97042
46202	0.707019	2.6647	1.19934
46202	0.661791	2.66184	7.63752e-05
46202	0.501375	2.62824	4.41326e-05
46202	0.502269	2.44726	2.35448
46202	0.50427	2.46102	5.69662
46202	0.585967	2.62697	1.77054
46202	0.667897	2.43645	2.1115e-05
46202	0.684297	2.47628	6.14279
46202	0.593984	2.59385	1.83011
46202	0.534713	2.51735	1.1945
46202	0.567115	2.55501	8.75569
46202	0.591522	2.48129	7.595
46202	0.586429	2.50991	6.77725
46202	0.612288	2.50821	0.000163861
46202	0.638125	2.51086	4.78838e-05
46202	0.627753	2.51548	29.0189
