event	Eta	Phi	pT
39834	0.375564	0.204087	2.36674
39834	0.73027	6.06201	0.95268
39834	0.600302	5.97214	6.73354
39834	0.30216	5.92807	13.5651
39834	0.20432	6.15157	3.56205e-05
39834	0.191823	6.07728	0.985594
39834	0.161215	6.08505	8.2108
39834	0.217122	0.0575766	3.68711
39834	0.320559	6.13953	1.48597
39834	0.341655	6.03501	4.10641e-05
39834	0.325169	6.08557	5.09408e-05
39834	0.352134	6.10433	3.94199
39834	0.384601	6.05158	4.60184
39834	0.407767	6.08192	3.55888
39834	0.559318	6.11642	1.38993
39834	0.383383	6.15125	2.19791e-05
39834	0.446139	0.0612178	3.80707
39834	0.46794	6.13153	7.45731e-05
39834	0.438929	6.15278	6.31676e-05
39834	0.44762	6.22688	5.76398e-05
39834	0.458634	6.23428	16.2674
