event	Eta	Phi	pT
92230	-0.459816	4.59466	2.49242e-05
92230	-0.538028	4.57134	5.13214e-05
92230	-0.496336	4.55613	2.43548
92230	-0.887589	4.3729	2.04987e-05
92230	-0.85291	4.15281	1.73457
92230	-0.63292	4.39064	3.92903
92230	-0.715611	4.36659	1.2281
92230	-0.7691	4.22568	2.27696
92230	-0.724836	4.28548	0.963462
92230	-0.585458	4.25981	1.0631
92230	-0.635603	4.23144	11.2481
92230	-0.597629	4.22611	5.04866
92230	-0.408925	4.5029	0.884153
92230	-0.416122	4.42747	6.03862
92230	-0.38345	4.36229	4.26276e-05
92230	-0.427743	3.95687	3.58363e-05
92230	-0.242702	4.04998	10.4742
92230	-0.401507	4.2414	4.1798e-05
92230	-0.359999	4.17005	8.00711
92230	-0.295543	4.19925	10.2434
92230	-0.268029	4.20019	3.41691
