event	Eta	Phi	pT
21714	-0.687831	5.62791	4.2306
21714	-0.867477	5.66364	2.70159
21714	-0.730542	6.04038	9.07306
21714	-0.698078	6.02024	6.38818
21714	-0.86532	5.95697	3.10261e-05
21714	-0.849083	5.82379	7.29697
21714	-0.794513	6.00305	1.20524
21714	-0.857811	5.93812	5.54021
21714	-0.735373	5.99824	0.000119212
21714	-0.813962	5.83009	4.33088e-05
21714	-0.82122	5.84808	3.65576e-05
21714	-0.817391	5.88403	8.87709e-05
21714	-0.816429	5.88728	13.8307
21714	-0.75661	5.84379	1.04059
21714	-0.739329	5.88742	8.35544e-05
21714	-0.708602	5.87768	28.9238
21714	-0.795667	5.96809	0.000122936
21714	-0.743663	5.93254	0.000260073
21714	-0.764995	5.95772	2.33725
21714	-0.752417	5.94085	8.12616e-05
21714	-0.77342	5.95572	6.50476e-05
21714	-0.790943	5.93251	3.2728
21714	-0.784863	5.93518	3.23415
21714	-0.776026	5.9237	9.3966
