event	Eta	Phi	pT
169760	1.40668	4.89822	3.04912
169760	1.5761	4.73511	2.23468
169760	1.31762	4.3741	3.45897
169760	1.35969	4.44481	2.24257e-05
169760	1.41806	4.50014	3.02331
169760	1.32918	4.67178	1.75414
169760	1.37858	4.61255	38.3496
169760	1.27541	4.65672	14.5224
169760	1.26991	4.59915	0.00014338
169760	1.26071	4.59443	0.000123816
169760	1.25683	4.60759	16.886
169760	1.29077	4.58318	0.000142032
169760	1.26681	4.4952	20.9658
169760	1.28225	4.57004	7.0686e-05
169760	1.30901	4.56487	4.53988e-05
169760	1.27686	4.54429	2.28784
169760	1.29333	4.53349	25.5662
