event	Eta	Phi	pT
11137	0.259573	0.263887	3.1575e-05
11137	0.315907	0.0572024	4.93345
11137	0.741398	6.12838	2.14397e-05
11137	0.928208	0.313739	1.26139
11137	0.759591	0.400613	12.6383
11137	0.787015	0.442529	3.1111
11137	0.409312	0.258778	2.01401
11137	0.55768	6.22032	3.12646
11137	0.827829	0.293111	4.25983e-05
11137	0.760375	0.307216	2.13398
11137	0.710995	0.335233	3.03294
11137	0.78641	0.271055	1.28822
11137	0.748359	0.0363622	4.85898
11137	0.764426	0.255807	4.37039e-05
11137	0.604315	0.0468212	4.71763
11137	0.557253	0.268493	2.6468e-05
11137	0.536601	0.198568	4.37958
11137	0.716287	0.154478	3.84479e-05
11137	0.58787	0.155183	1.39274
11137	0.589961	0.172305	5.89283e-05
11137	0.615299	0.138506	1.45888
11137	0.630201	0.187128	22.462
11137	0.64599	0.181144	8.35234
11137	0.671938	0.162729	2.25303e-05
11137	0.668262	0.163566	5.00984
