event	Eta	Phi	pT
193409	-1.87169	3.69348	3.34466
193409	-1.7709	4.39544	1.76608
193409	-1.67237	4.28748	1.91464
193409	-1.75676	4.28436	1.49058
193409	-1.73987	4.27211	3.07575
193409	-1.98758	4.09957	1.88937
193409	-1.84357	4.18627	8.34807
193409	-1.83045	3.93972	4.93439e-05
193409	-1.82193	3.95139	17.7464
193409	-1.88633	4.02429	4.77694e-05
193409	-1.7253	4.00386	0.800718
193409	-1.73648	4.01345	5.41217e-05
193409	-1.75887	4.12561	7.50994e-05
193409	-1.74927	4.029	0.000161389
193409	-1.78874	4.094	8.45743
193409	-1.77172	4.03989	4.5108e-05
193409	-1.7835	4.04677	0.766959
193409	-1.77707	4.07058	0.00022662
193409	-1.76503	4.06619	22.4632
