event	Eta	Phi	pT
121469	0.980403	3.19292	3.48916e-05
121469	0.714128	3.28626	1.05087
121469	0.764182	3.66076	13.2495
121469	0.77728	3.53622	0.000107363
121469	0.80903	3.3944	8.31492
121469	0.912756	3.34936	10.0437
121469	0.959374	3.38018	1.12063
121469	0.840952	3.49946	9.16043e-05
121469	0.873275	3.5365	2.32529
121469	0.90864	3.53253	3.80765
121469	0.924482	3.49087	5.55952e-05
121469	0.964983	3.59059	6.84038
121469	0.934218	3.52965	2.26115
121469	0.94399	3.55576	3.90838
121469	0.988686	3.46226	5.54492e-05
121469	0.972916	3.5243	2.24352
121469	0.992807	3.48765	0.000104196
121469	1.03113	3.51343	15.0621
