event	Eta	Phi	pT
199818	0.840033	3.78508	4.06642e-05
199818	0.999978	3.33397	2.82522
199818	0.849948	3.59931	7.68314
199818	0.894825	3.73222	7.98543e-05
199818	0.949339	3.50159	2.8134
199818	0.948279	3.76542	3.81973e-05
199818	0.934243	3.76437	5.99411
199818	0.980456	3.52993	2.63172
199818	1.07901	3.90024	0.942261
199818	1.06838	3.85704	9.31121
199818	0.984768	3.63639	5.4962
199818	1.01581	3.73841	2.1633e-05
199818	1.02311	3.6095	2.28658
199818	1.04132	3.54654	3.03458
199818	1.08931	3.73489	6.6179e-05
199818	1.22502	3.81841	1.13474
199818	1.22347	3.82092	3.65341
199818	1.17208	3.6755	0.000112968
199818	1.15731	3.6425	7.21581
199818	1.21544	3.72246	5.84007
199818	1.24492	3.51362	8.25134
199818	1.27175	3.66995	6.25069e-05
199818	1.25601	3.68941	4.79664e-05
199818	1.22814	3.66309	5.83502
199818	1.25106	3.59926	6.40855e-05
199818	1.30028	3.72832	4.05697
199818	1.47689	3.43538	4.9171e-05
199818	1.57275	3.69	1.34307
199818	1.40836	3.69845	0.936476
199818	1.40057	3.68581	6.24247e-05
199818	1.47107	3.65585	3.96729
199818	1.43529	3.51695	8.60726e-05
199818	1.4845	3.62141	5.71856
199818	1.47567	3.57862	9.49442e-05
199818	1.47434	3.56315	16.4585
