event	Eta	Phi	pT
82125	-1.89998	0.436392	1.59058
82125	-2.23826	0.700716	3.37014e-05
82125	-1.99591	0.555322	3.15458
82125	-2.05023	0.605647	4.96144
82125	-2.17719	0.649427	1.55266
82125	-2.37284	0.621574	5.72522
82125	-1.95536	0.391512	3.21434
82125	-2.21631	0.584933	2.26291
82125	-1.94047	0.204078	2.46724e-05
82125	-2.22577	0.526041	3.85855
82125	-2.56659	0.0405455	2.79634
82125	-2.19858	0.341013	7.45405
82125	-2.45596	0.218506	1.74197
82125	-2.45271	0.0418391	0.810947
82125	-2.24118	0.271256	3.70124e-05
82125	-2.38455	0.22243	2.79947e-05
82125	-2.25789	0.232236	0.675019
82125	-2.19345	0.173364	3.93787e-05
82125	-2.3281	0.103461	3.9649
82125	-2.26541	0.0911624	3.80621e-05
82125	-2.28057	0.131261	10.1548
