event	Eta	Phi	pT
30588	-2.65107	0.439213	1.08243
30588	-2.20947	6.14838	1.05817
30588	-2.16551	6.20823	3.53573
30588	-2.64873	0.163436	7.44721
30588	-2.17883	0.323317	8.3193
30588	-2.18816	0.0556611	4.32028
30588	-2.17166	0.113873	2.2508
30588	-2.47149	0.0303137	9.67025
30588	-2.33242	0.0653244	2.72045e-05
30588	-2.24656	0.168379	3.70978e-05
30588	-2.24788	0.13192	6.37901
30588	-2.23575	0.190182	2.05294e-05
30588	-2.45945	0.303212	9.18778
30588	-2.42169	0.322496	1.48457
30588	-2.26399	0.240913	3.20991e-05
30588	-2.32614	0.273359	2.26967
30588	-2.32463	0.15339	3.45137e-05
30588	-2.34863	0.141402	7.07001e-05
30588	-2.38097	0.202017	14.4967
