event	Eta	Phi	pT
9559	0.835588	3.76614	2.58528e-05
9559	0.995069	3.73547	1.81724
9559	0.951916	3.76168	6.6394
9559	1.18136	4.31379	2.81859e-05
9559	1.06537	4.36113	4.51436e-05
9559	1.02003	4.37167	1.51184
9559	1.05929	4.32172	4.69026
9559	0.944219	4.29099	2.99977e-05
9559	1.09022	4.22819	5.96983
9559	1.01067	4.25953	2.14752
9559	0.970382	4.19661	6.15418e-05
9559	0.984843	4.17402	9.02025
9559	1.05825	4.11905	3.93987
9559	0.781879	3.84171	3.77208e-05
9559	0.816182	3.8475	0.937619
9559	0.875879	3.83641	0.000102895
9559	0.87324	3.87586	3.38172
9559	1.01323	4.01734	2.30971
9559	0.961048	3.95629	5.87203
9559	0.881528	4.12017	4.95994e-05
9559	0.961165	4.06032	4.09929e-05
9559	0.960684	4.05701	0.00012014
9559	0.875347	4.10811	5.73482e-05
9559	0.878851	3.99195	4.84662
9559	0.857827	4.02978	6.60636
9559	0.877645	4.01966	2.95809
