event	Eta	Phi	pT
161722	-1.71302	0.57031	3.59845
161722	-1.78183	0.55206	4.50875
161722	-1.92732	0.534223	3.98252
161722	-1.67497	0.401142	2.52428e-05
161722	-2.11497	0.0840849	1.21066
161722	-2.03102	0.041606	2.12751
161722	-1.85897	0.00863614	11.0188
161722	-2.02234	0.23312	8.22073
161722	-1.79895	0.352121	2.30841e-05
161722	-1.93098	0.279392	3.83136
161722	-1.83713	0.328512	2.3385e-05
161722	-1.83725	0.159493	0.809809
161722	-1.88095	0.183631	3.92466e-05
161722	-1.88325	0.262922	8.38596e-05
161722	-1.82906	0.287739	4.45587e-05
161722	-1.84737	0.219767	5.80759e-05
161722	-1.8312	0.241023	9.19848e-05
161722	-1.83986	0.241915	24.9662
