event	Eta	Phi	pT
35238	2.67712	2.3577	3.9453
35238	2.17011	2.57632	2.54223
35238	2.43477	2.54645	1.05334
35238	2.33469	2.54116	3.21741e-05
35238	2.37047	2.44612	18.4511
35238	2.5894	2.54815	3.68769
35238	2.5768	2.63518	6.17013
35238	2.45759	2.62355	0.000205856
35238	2.46851	2.63921	2.53304e-05
35238	2.41398	2.84905	2.02039
35238	2.2529	2.79157	0.790986
35238	2.40781	2.63203	8.05013e-05
35238	2.44131	2.73963	2.06597
35238	2.3048	2.78579	1.57369
35238	2.3524	2.71942	1.34845
35238	2.35436	2.7267	12.7668
