event	Eta	Phi	pT
50117	-1.5129	4.09944	4.48463
50117	-1.47214	4.07281	4.8503
50117	-1.58462	3.48882	1.18824
50117	-1.47077	3.94629	4.4778e-05
50117	-1.44967	3.64198	1.08765
50117	-1.54963	3.6494	5.47385
50117	-1.62678	3.69161	13.8793
50117	-1.63021	3.89043	3.2235
50117	-1.51555	3.80071	2.83634e-05
50117	-1.56628	3.85592	1.52507
50117	-1.58059	3.8162	7.71623
50117	-1.57973	3.77973	0.000135129
50117	-1.58226	3.78178	3.93107
50117	-1.60807	3.79129	6.43229
50117	-1.62047	3.80528	6.37983
50117	-1.61602	3.80687	2.66648
50117	-1.52819	3.71957	1.55121
50117	-1.55701	3.72277	3.27319e-05
50117	-1.5461	3.72332	5.51761
