event	Eta	Phi	pT
114434	0.486427	4.58792	7.92877
114434	0.104091	5.06149	3.81032
114434	0.104433	4.89102	3.39393e-05
114434	0.617863	5.22409	1.00549
114434	0.395821	5.1738	3.88655
114434	0.613697	5.10468	0.879496
114434	0.608585	4.92344	1.75995
114434	0.519205	5.03936	2.36338
114434	0.381978	4.98979	4.30747
114434	0.390173	4.9862	7.62491
114434	0.5137	4.84837	6.60012
114434	0.445006	4.97667	2.13811e-05
114434	0.427898	4.97181	1.12726
114434	0.453464	4.95054	2.03055e-05
114434	0.463922	4.94636	0.000110599
114434	0.441277	4.85641	2.53946e-05
114434	0.419336	4.94315	2.90155e-05
114434	0.448105	4.93869	0.000203817
114434	0.43592	4.87626	6.31896e-05
114434	0.440972	4.90354	22.7741
