event	Eta	Phi	pT
129668	2.82354	0.449416	3.89249
129668	2.71444	0.317022	3.37576
129668	2.24695	0.849812	1.23052
129668	2.20141	0.492616	6.9422
129668	2.40906	0.812504	6.35862
129668	2.3125	0.739225	0.630043
129668	2.26488	0.628034	2.49032
129668	2.29749	0.556283	1.17204
129668	2.29642	0.609832	3.7718e-05
129668	2.45183	0.627247	6.8031e-05
129668	2.38666	0.595897	27.6583
129668	2.42603	0.440012	3.042
129668	2.47511	0.541376	6.46399
129668	2.49509	0.518684	3.3494e-05
129668	2.54951	0.543484	33.421
