event	Eta	Phi	pT
171469	1.06453	5.42543	4.02293
171469	1.09576	5.66186	4.09098e-05
171469	0.753599	5.53202	1.61627
171469	0.739731	5.55014	0.931863
171469	0.701035	5.61623	3.48616
171469	0.86589	5.5892	3.69459e-05
171469	0.857323	5.5403	1.57892
171469	0.835129	5.54816	6.87443
171469	0.895979	5.98557	2.02392e-05
171469	0.841179	5.90884	7.46739
171469	0.812533	5.60527	1.77968
171469	0.796339	5.802	7.8768
171469	0.832938	5.63721	2.18876
171469	0.852119	5.64232	2.85431e-05
171469	0.846184	5.78324	2.57645e-05
171469	0.861889	5.68801	3.5959e-05
171469	0.953708	5.71931	5.8753
171469	0.92945	5.73954	0.000130943
171469	0.938945	5.74994	14.5278
