event	Eta	Phi	pT
87633	0.27826	5.50403	2.99693
87633	-0.124645	5.51894	6.67279
87633	-0.0449058	5.88481	7.62468
87633	-0.173075	5.6357	1.66743
87633	0.0912202	5.76075	2.15339e-05
87633	-0.06869	5.57915	3.36642
87633	-0.11756	5.68292	5.49598e-05
87633	-0.0778524	5.62744	2.57763
87633	-0.00629118	5.63167	2.65841
87633	-0.0264721	5.77175	4.45852
87633	-0.0826088	5.73872	1.12911
87633	-0.00585475	5.66252	5.38523e-05
87633	-0.0191835	5.73321	1.71509
87633	-0.0439335	5.72188	11.2493
87633	-0.029013	5.69026	23.9798
87633	-0.0131296	5.7018	13.6712
