event	Eta	Phi	pT
181285	-1.35107	5.86106	4.12796
181285	-1.6808	5.44346	4.01475
181285	-1.53652	5.22386	2.72904
181285	-1.37972	5.22019	3.05127
181285	-1.54623	5.61196	2.81766e-05
181285	-1.3848	5.72306	2.99226e-05
181285	-1.56544	5.5238	6.90059
181285	-1.31791	5.23311	2.1251e-05
181285	-1.35847	5.25997	7.68085
181285	-1.17785	5.3149	4.71207
181285	-1.44946	5.65898	4.26281
181285	-1.44726	5.32275	2.03172
181285	-1.51859	5.47078	2.34289e-05
181285	-1.30794	5.68537	4.30915
181285	-1.49285	5.47194	5.94522
181285	-1.30302	5.66889	3.4128e-05
181285	-1.42276	5.61686	4.22408e-05
181285	-1.34601	5.65109	8.60651
181285	-1.34986	5.63573	3.0332
181285	-1.25091	5.62382	13.1015
181285	-1.38354	5.61273	7.1182
181285	-1.44726	5.38945	1.29759
181285	-1.45767	5.42536	2.39776
181285	-1.41193	5.54627	4.02661e-05
181285	-1.32875	5.58613	8.23137e-05
181285	-1.38247	5.51926	3.82096
181285	-1.34471	5.54774	1.12966
181285	-1.19046	5.46275	4.79752e-05
181285	-1.23935	5.53098	6.42824e-05
181285	-1.26894	5.54517	3.84679
181285	-1.33562	5.53586	0.000236845
181285	-1.39184	5.42043	4.37503e-05
181285	-1.31202	5.53916	3.54375e-05
181285	-1.3602	5.52169	0.000102118
181285	-1.3488	5.51179	20.5318
181285	-1.255	5.52139	1.50205
181285	-1.35465	5.48435	4.48186
181285	-1.36429	5.41948	5.32938e-05
181285	-1.30519	5.37007	15.5894
181285	-1.31483	5.48702	3.53489
181285	-1.28075	5.49158	8.63361
181285	-1.25283	5.46735	9.02188
181285	-1.31374	5.43173	10.8198
181285	-1.31199	5.41905	0.000134281
181285	-1.2761	5.45416	1.33925
181285	-1.2554	5.44422	0.00028907
181285	-1.27729	5.40194	9.65199e-05
181285	-1.27589	5.41986	38.6815
