event	Eta	Phi	pT
30040	-2.13424	4.7053	6.48838
30040	-2.22742	4.57069	1.17563
30040	-2.03529	4.65504	2.83977
30040	-2.02828	4.71854	7.47656
30040	-2.11094	4.57716	8.34553
30040	-1.90937	4.01225	1.10444
30040	-1.86746	4.06741	1.55246
30040	-2.05675	4.43772	1.80526
30040	-1.84164	4.21239	11.0597
30040	-1.97358	4.38379	2.39755e-05
30040	-1.9298	4.5009	0.585017
30040	-1.89001	4.32246	2.91088e-05
30040	-1.74101	4.3964	6.04407e-05
30040	-1.88896	4.4553	5.23962e-05
30040	-1.82215	4.42025	9.49774
30040	-1.84725	4.39033	4.17015
30040	-1.82739	4.39094	7.12326
