event	Eta	Phi	pT
118312	-0.57733	5.05734	4.25025
118312	-0.590338	5.0795	4.55671e-05
118312	-0.531875	5.1332	0.90181
118312	-0.690427	5.16305	6.34673e-05
118312	-0.590757	5.2035	5.18364e-05
118312	-0.63172	5.17648	10.9476
118312	-0.629241	5.13702	3.53967
118312	-0.708057	5.19727	2.62145e-05
118312	-0.782489	5.27627	2.13006
118312	-0.641969	5.26222	0.000108098
118312	-0.652768	5.23865	8.54337
118312	-0.405812	5.2742	3.80281e-05
118312	-0.798166	5.53102	2.97048e-05
118312	-0.53564	5.26681	2.92449e-05
118312	-0.598088	5.30379	5.10629
118312	-0.672494	5.35548	2.98658e-05
118312	-0.667494	5.38004	16.516
118312	-0.328081	5.52873	1.35662
118312	-0.526377	5.40982	21.3813
118312	-0.537399	5.55336	6.91128e-05
118312	-0.523703	5.61614	23.4561
118312	-0.491464	5.57069	20.5287
