event	Eta	Phi	pT
198286	-0.594901	5.15431	2.9731
198286	-0.54141	5.16524	2.75087
198286	-0.363555	5.07766	3.16674
198286	-0.411556	5.24865	6.64594e-05
198286	-0.424584	5.21345	21.1852
198286	-0.28685	5.43748	11.9647
198286	-0.260366	5.40389	3.96345
198286	-0.300103	5.39311	2.14785e-05
198286	-0.325685	5.3933	14.2664
198286	-0.354212	5.33549	6.61455e-05
198286	-0.290663	5.34491	5.99044
198286	-0.334437	5.33147	7.183e-05
198286	-0.284688	5.31041	6.84633
198286	-0.30685	5.24927	5.19323
198286	-0.283791	5.28432	0.000118535
198286	-0.298096	5.27935	16.8842
