event	Eta	Phi	pT
147819	-1.88864	2.06695	0.87397
147819	-2.11469	2.05563	16.7982
147819	-2.0585	1.56185	3.36424
147819	-2.11251	1.9801	2.24957e-05
147819	-2.30105	1.7726	1.40454
147819	-2.14912	1.90448	5.46198
147819	-2.1409	1.92552	18.1493
147819	-2.09446	1.91156	0.000111662
147819	-2.21747	1.85732	8.27026
147819	-2.16522	1.85357	3.05631
147819	-2.1755	1.80557	1.02866
147819	-2.09181	1.78752	31.4786
147819	-2.06243	1.74645	4.20299e-05
147819	-2.12343	1.64958	0.000152176
147819	-2.10898	1.72993	8.07107e-05
147819	-2.10102	1.73014	4.56636e-05
147819	-2.09606	1.68618	4.80876
147819	-2.10599	1.71149	0.000487216
147819	-2.09867	1.69538	7.25827
147819	-2.10021	1.70191	46.5117
