event	Eta	Phi	pT
19925	2.55088	2.69879	2.03524
19925	2.17808	2.10507	0.537642
19925	2.54478	2.58471	3.20557
19925	2.21121	2.24445	6.19384
19925	2.19439	2.44487	2.02423e-05
19925	2.38166	2.53823	1.48707
19925	2.39803	2.53583	1.32446
19925	2.44476	2.52196	1.46618
19925	2.46635	2.5023	1.54351
19925	2.30014	2.41856	10.0601
19925	2.3125	2.31234	8.09447e-05
19925	2.36169	2.33306	7.07027
19925	2.39184	2.32952	1.35519
19925	2.40684	2.26661	2.97041
19925	2.44644	2.42123	7.45536e-05
19925	2.48029	2.39302	5.7984e-05
19925	2.48183	2.35203	16.0378
