event	Eta	Phi	pT
7789	-0.61322	2.06751	7.28725
7789	-0.632059	1.62359	3.37691
7789	-0.768427	1.94028	3.13588e-05
7789	-0.700418	1.93832	3.54606e-05
7789	-0.656123	1.89455	3.15706
7789	-0.668958	1.67269	4.11844e-05
7789	-0.752717	1.69002	3.90202
7789	-0.771549	1.85915	2.05845e-05
7789	-0.718875	1.88692	4.69815e-05
7789	-0.617336	1.77236	3.75133e-05
7789	-0.722551	1.85965	6.98995e-05
7789	-0.653958	1.82927	5.43711
7789	-0.659556	1.74004	2.2871e-05
7789	-0.667804	1.73337	2.24742
7789	-0.646094	1.76485	2.12127
7789	-0.653973	1.80238	8.71365
7789	-0.723495	1.78473	35.8481
