event	Eta	Phi	pT
90435	1.3257	2.66643	1.5178
90435	1.59213	2.94588	1.73741
90435	1.17269	2.74346	2.54125
90435	1.29847	3.34929	3.10875
90435	1.16143	3.22686	2.49912e-05
90435	1.27319	3.21805	4.16453
90435	1.2046	2.89574	3.17749
90435	1.28361	2.97912	18.455
90435	1.30104	3.04747	2.10779e-05
90435	1.26379	3.01883	9.37545
90435	1.19196	3.00669	0.000117311
90435	1.13872	3.05416	2.82981e-05
90435	1.2564	3.03436	5.17725e-05
90435	1.22747	3.02589	0.000227641
90435	1.22543	3.11236	2.88896e-05
90435	1.20476	3.08663	41.566
