event	Eta	Phi	pT
135084	-1.25558	0.106422	2.15716
135084	-1.33119	0.073925	5.14903
135084	-1.13358	5.73814	3.2157e-05
135084	-1.18326	5.72481	6.77171
135084	-1.38658	5.77852	3.34173e-05
135084	-1.20513	6.05067	0.000119139
135084	-1.22717	6.03473	8.2547e-05
135084	-1.22351	5.97025	6.71712
135084	-1.19657	5.95195	2.82656e-05
135084	-1.15968	5.93453	23.4115
135084	-1.43792	5.96365	1.40722
135084	-1.28297	6.13787	9.58738
135084	-1.39048	6.11002	1.92065
135084	-1.33978	6.11351	3.41409
135084	-1.26409	6.04534	6.42826e-05
135084	-1.33083	5.99626	1.67167
135084	-1.34006	6.01369	1.56909
135084	-1.32288	6.0285	2.29214e-05
135084	-1.32664	6.03571	0.000117196
135084	-1.32802	6.05424	13.3862
