event	Eta	Phi	pT
138679	-1.33776	4.02964	2.72865
138679	-1.24381	3.95415	1.15641
138679	-0.902439	3.8976	4.54082
138679	-1.18336	4.0646	2.72e-05
138679	-0.920575	3.93628	4.40062e-05
138679	-0.7305	4.1667	1.18972
138679	-1.18921	4.2459	2.2094e-05
138679	-0.955521	4.08297	3.39028
138679	-0.965469	4.13497	6.7378e-05
138679	-0.994578	4.10349	14.6307
138679	-1.02897	4.35577	1.12538
138679	-1.06449	4.2419	1.87235
138679	-0.915105	4.14722	6.4804e-05
138679	-0.889661	4.18753	1.50996
138679	-0.936042	4.18302	2.57926e-05
138679	-0.99204	4.21927	4.55891
138679	-0.969582	4.19917	0.00011958
138679	-0.906154	4.27622	5.97846
138679	-0.930639	4.25573	2.24376
138679	-0.943249	4.24379	8.24367
