event	Eta	Phi	pT
113010	-0.754801	4.32805	2.32929
113010	-0.630954	4.44717	4.78102
113010	-0.874247	4.51663	6.13567
113010	-0.756038	4.56362	2.98715
113010	-0.659268	4.66256	3.49044e-05
113010	-0.730715	4.92299	3.91086
113010	-0.871293	4.75956	3.73535e-05
113010	-0.844457	4.72698	1.76444
113010	-0.763443	4.90272	2.34257e-05
113010	-0.7218	4.85777	7.53077
113010	-0.781053	4.78505	0.000178052
113010	-0.779413	4.76833	3.58099
113010	-0.76208	4.73052	1.68751
113010	-0.745519	4.81381	0.000113026
113010	-0.734185	4.80439	2.29846e-05
113010	-0.727838	4.7872	4.10308e-05
113010	-0.72008	4.7675	18.1072
