event	Eta	Phi	pT
32051	0.801271	0.475138	1.42298
32051	0.988568	6.14775	4.04879e-05
32051	0.943761	6.26639	1.02037
32051	0.85973	6.1978	1.0904
32051	0.813947	6.23629	2.15543
32051	0.82657	6.23118	4.28747
32051	0.620243	0.16457	10.4141
32051	0.695782	0.265444	0.000106503
32051	0.721527	0.224269	7.62572
32051	0.746574	0.127297	8.18088e-05
32051	0.714817	0.127991	8.62938
32051	0.73432	0.0140176	4.71327e-05
32051	0.753361	0.0181332	5.79113
32051	0.728673	0.0524754	7.60761e-05
32051	0.767748	0.0650605	8.51298
