event	Eta	Phi	pT
106103	0.517314	3.95883	4.55489
106103	0.147389	3.77969	2.71795e-05
106103	0.17171	3.50756	13.8398
106103	0.559426	3.86398	1.48655
106103	0.281255	3.73831	3.20212e-05
106103	0.565208	3.70259	6.58733
106103	0.534227	3.68038	6.81499
106103	0.513639	3.66934	5.50598
106103	0.431217	3.62843	5.40432
106103	0.414021	3.59684	3.77393
106103	0.55998	3.63849	1.39514
106103	0.411194	3.55427	9.47694e-05
106103	0.525548	3.62357	6.01827e-05
106103	0.591376	3.52849	7.58725
106103	0.501797	3.59996	5.40821e-05
106103	0.469438	3.50377	0.000184946
106103	0.494639	3.49028	11.7785
106103	0.51243	3.54059	26.324
