event	Eta	Phi	pT
143551	1.52283	5.47072	8.41504e-05
143551	1.09639	4.93401	3.76191
143551	1.2018	5.40322	3.18419
143551	1.22966	5.3403	1.80391
143551	1.36401	5.32149	2.02755
143551	1.31521	5.33416	12.0577
143551	1.11842	5.20053	3.23926e-05
143551	1.24177	4.88855	6.30393e-05
143551	1.49359	5.20327	1.35005
143551	1.38012	4.90704	4.89307
143551	1.34284	4.99845	2.40366e-05
143551	1.3038	5.00304	7.49505e-05
143551	1.26783	5.02807	2.0289
143551	1.27349	5.03873	9.4684
143551	1.31574	5.04995	0.000184253
143551	1.31418	5.039	3.38833
143551	1.35609	5.00859	1.60794
143551	1.36704	5.12342	24.5318
