event	Eta	Phi	pT
65811	1.80451	1.28257	2.67829
65811	1.5657	1.6849	2.8472
65811	1.66155	1.22944	4.28196
65811	1.51035	1.59027	2.30504e-05
65811	1.6114	1.5369	5.39991
65811	1.6536	1.46264	5.69885e-05
65811	1.62252	1.3583	8.04352
65811	1.39123	1.48561	8.1453e-05
65811	1.40438	1.38983	7.93118
65811	1.46756	1.3779	4.01928
65811	1.46732	1.40966	6.51944
65811	1.46867	1.49323	8.02782e-05
65811	1.49589	1.49972	5.49776
65811	1.581	1.40719	5.76654e-05
65811	1.51589	1.44144	11.4466
65811	1.58154	1.47576	4.86144e-05
65811	1.55399	1.43688	3.75689
65811	1.55044	1.46583	10.1057
