event	Eta	Phi	pT
332	0.400254	0.0972173	8.01316
332	0.671654	0.156373	1.83014
332	0.388695	6.15139	2.95537e-05
332	0.57914	6.25377	8.63369
332	0.504828	6.06785	1.43792
332	0.548952	6.00215	6.2399
332	0.654491	5.97683	2.6982
332	0.60377	6.00195	2.26956
332	0.574588	6.12607	8.32726e-05
332	0.61183	6.03683	6.2734
332	0.581903	6.10617	5.52768e-05
332	0.656532	6.14508	13.9492
332	0.73176	6.06419	3.97803e-05
332	0.654051	6.06886	0.000136649
332	0.674513	6.10458	0.000105662
332	0.691399	6.0793	18.9913
