event	Eta	Phi	pT
44576	-1.66325	4.76148	1.89139
44576	-1.79262	4.6551	2.71885
44576	-1.91189	4.55881	0.66528
44576	-1.96533	4.45265	2.57765
44576	-1.89076	4.39982	1.25691
44576	-1.87932	4.38154	3.16531
44576	-1.73457	4.23054	12.1369
44576	-1.81563	4.46122	2.58794
44576	-1.75044	4.49995	4.84984e-05
44576	-1.57947	4.48624	2.82096e-05
44576	-1.77159	4.44559	3.14774
44576	-1.73023	4.47914	2.25415
44576	-1.69512	4.48691	2.68961e-05
44576	-1.5864	4.30182	1.13792
44576	-1.58153	4.39827	2.21735
44576	-1.61736	4.33307	1.59757
44576	-1.64246	4.32957	3.74902
44576	-1.72155	4.33884	8.6035e-05
44576	-1.70497	4.39874	2.38188
44576	-1.67478	4.34378	0.000104114
44576	-1.68184	4.37734	4.8177
44576	-1.668	4.38002	7.47203
