event	Eta	Phi	pT
137015	-1.50919	4.38266	3.41323
137015	-1.5875	5.07426	1.53023
137015	-1.64597	5.04439	1.13532
137015	-1.3085	4.51818	2.94015
137015	-1.74672	4.8604	3.27525
137015	-1.45102	4.88705	2.3996e-05
137015	-1.3862	4.8519	11.2269
137015	-1.7664	4.64598	3.51678e-05
137015	-1.57879	4.87969	1.73757
137015	-1.59061	4.84675	4.63828
137015	-1.71819	4.61756	4.86102e-05
137015	-1.65178	4.76013	1.21507
137015	-1.68309	4.7521	4.15876
137015	-1.68655	4.68207	1.08894
137015	-1.60904	4.76054	2.26409
137015	-1.61178	4.73304	6.40904e-05
137015	-1.57122	4.54613	6.31643
137015	-1.36779	4.65248	4.39473e-05
137015	-1.53904	4.61893	2.55613
137015	-1.46952	4.59435	1.78378
137015	-1.43286	4.66397	1.19175
137015	-1.47218	4.68094	6.15136
137015	-1.47201	4.69802	1.97324
