event	Eta	Phi	pT
92183	-0.748312	4.98134	2.85814
92183	-0.769784	4.74689	2.94787e-05
92183	-0.527516	5.03266	1.50684
92183	-0.602283	4.6173	6.3013
92183	-0.612724	4.62818	1.64511
92183	-0.62637	4.67342	4.25149
92183	-0.517745	4.62608	2.16611e-05
92183	-0.614798	4.86721	4.05863e-05
92183	-0.534053	4.90188	9.62068
92183	-0.346184	4.84567	1.48215
92183	-0.56332	4.87942	3.27079e-05
92183	-0.474842	4.90553	2.54056e-05
92183	-0.570384	4.83131	9.14255e-05
92183	-0.495646	4.8828	1.67501
92183	-0.567442	4.72251	2.30718e-05
92183	-0.55975	4.81778	2.86903e-05
92183	-0.520593	4.8418	2.81976
92183	-0.535083	4.78503	12.3256
92183	-0.389476	4.73151	2.54738
92183	-0.500303	4.81357	0.000163474
92183	-0.502348	4.81023	0.000374895
92183	-0.457698	4.77015	70.5542
