event	Eta	Phi	pT
11014	-1.32112	6.04093	2.14983
11014	-1.39737	5.35972	1.7884
11014	-1.42371	6.01281	2.10524
11014	-1.516	5.8822	5.17513
11014	-1.50968	5.81404	7.0858
11014	-1.36032	5.62402	1.64352
11014	-1.39786	5.57429	7.93396
11014	-1.5317	5.76773	6.03135e-05
11014	-1.5434	5.59625	3.81537
11014	-1.4208	5.69742	2.20054e-05
11014	-1.43919	5.6388	8.80186e-05
11014	-1.49343	5.7053	3.27912
11014	-1.52708	5.66961	5.14852e-05
11014	-1.51152	5.66674	3.5407
11014	-1.46733	5.67467	3.03271
11014	-1.48658	5.65741	7.93697
11014	-1.46572	5.65456	4.4659
