event	Eta	Phi	pT
92892	1.71075	0.602676	3.13892
92892	1.78926	0.594505	6.25553
92892	1.92531	1.15754	2.25415
92892	2.23693	1.11288	1.59419
92892	2.1266	1.16129	0.757389
92892	1.76513	0.986043	3.04574
92892	2.16387	1.13126	1.88267
92892	2.3529	0.909709	1.39234
92892	2.34014	0.744649	0.991457
92892	2.25231	0.623011	1.20031
92892	2.01217	1.11961	2.31768
92892	1.82007	0.976855	0.749752
92892	1.77894	0.876589	2.32116
92892	2.20706	0.626982	1.64229
92892	1.81341	0.884252	5.40572e-05
92892	2.2207	0.855673	2.79688
92892	2.10791	0.665043	0.925024
92892	1.91555	0.713813	0.990772
92892	1.97393	0.981517	4.20159e-05
92892	2.17459	0.821827	4.21378
92892	1.97925	0.951703	3.25414e-05
92892	2.0782	0.945574	1.53167
92892	2.07391	0.938406	6.1609
92892	1.96618	0.726061	3.99942
92892	1.93887	0.808949	6.68166
92892	1.95539	0.821082	7.47031
92892	2.13424	0.85817	1.91563
92892	2.05664	0.880836	2.23797e-05
92892	2.06518	0.856886	2.64101
92892	2.05991	0.820643	6.01447e-05
92892	2.0542	0.820871	28.2157
