event	Eta	Phi	pT
62372	-1.62097	4.57456	4.40539
62372	-1.55775	4.65742	2.42911
62372	-1.18502	4.18713	2.18752
62372	-1.2575	4.7297	1.52923
62372	-1.56392	4.51387	2.86452
62372	-1.46244	4.63366	2.58959
62372	-1.22051	4.22859	4.76746e-05
62372	-1.47772	4.37946	2.95586
62372	-1.40851	4.53828	4.60877e-05
62372	-1.4211	4.40914	3.18378
62372	-1.29606	4.55619	3.04807e-05
62372	-1.35402	4.48522	6.22039e-05
62372	-1.3523	4.3726	1.50665
62372	-1.17842	4.38396	2.51721e-05
62372	-1.19484	4.44922	1.72578
62372	-1.28585	4.40322	0.000225818
62372	-1.24959	4.42305	23.1111
62372	-1.28195	4.58689	2.27327e-05
62372	-1.3084	4.58036	4.90785
