event	Eta	Phi	pT
121663	-1.36592	5.74624	1.80436
121663	-1.21459	6.08812	2.71569e-05
121663	-1.33434	5.94767	2.79074e-05
121663	-1.23284	5.68299	1.39878
121663	-1.2064	5.69783	3.23415
121663	-1.27709	5.90908	3.2787e-05
121663	-1.25664	5.84841	5.50899e-05
121663	-1.12023	5.86355	0.000140214
121663	-1.10918	5.78384	22.651
121663	-1.22161	5.97058	5.80931
121663	-1.19696	5.93336	4.82074e-05
121663	-1.14066	5.89277	7.37599
121663	-1.12984	5.92346	6.56836
121663	-1.10574	5.96359	3.68681
121663	-1.0723	5.9612	7.28798e-05
121663	-1.06202	5.95722	3.74639
121663	-1.09267	5.92131	5.18418
121663	-1.05687	5.92049	9.24039
