event	Eta	Phi	pT
39888	-0.345071	1.01829	2.05203e-05
39888	-0.6239	0.787892	2.53914
39888	-0.744191	1.34165	1.7867
39888	-0.726392	1.27188	5.29076
39888	-0.506643	0.984416	2.29932e-05
39888	-0.736286	0.898822	2.54631e-05
39888	-0.604136	1.17779	3.28973e-05
39888	-0.67777	1.16979	2.60207e-05
39888	-0.647489	1.06926	0.000155893
39888	-0.711831	1.0709	2.6961e-05
39888	-0.692665	1.11085	2.51831
39888	-0.6853	1.11019	20.162
39888	-0.599611	1.01275	7.89879
39888	-0.677373	0.975314	6.16168
39888	-0.641473	1.05543	0.000136076
39888	-0.675775	1.01682	8.56017
39888	-0.663679	1.03084	7.82372
