event	Eta	Phi	pT
113941	1.82919	2.30731	1.39443
113941	2.31576	2.12362	4.65429
113941	2.07317	2.43406	2.4846
113941	2.02156	2.3365	2.48001
113941	2.19179	2.18529	12.2381
113941	2.27059	2.24476	2.17951
113941	2.13562	2.26467	2.91675e-05
113941	2.14835	2.26951	2.54361
113941	2.22152	2.29143	1.82485
113941	2.20466	2.29612	0.000129357
113941	2.17081	2.35456	0.992465
113941	2.1909	2.33163	7.48337
113941	2.2072	2.42097	2.79183
113941	2.25693	2.38417	2.57373
113941	2.2404	2.3525	4.11725e-05
113941	2.20907	2.37427	3.84631
113941	2.22389	2.3846	4.40352
