event	Eta	Phi	pT
121203	1.64061	1.11339	6.76865
121203	1.74998	1.0967	3.95849
121203	1.44831	1.41282	1.58463
121203	1.48825	1.36314	1.03624
121203	2.04027	1.37803	1.08456
121203	1.60946	1.33423	1.26726
121203	1.86714	1.30399	0.621886
121203	1.96493	1.74482	0.955194
121203	1.54335	1.45142	2.39279e-05
121203	1.9342	1.44466	1.36628
121203	1.79389	1.70882	16.6413
121203	1.76698	1.34586	3.03525e-05
121203	1.91609	1.41907	2.45704e-05
121203	1.89238	1.39503	2.14348e-05
121203	1.78356	1.38614	4.30522e-05
121203	1.78143	1.64711	2.15974
121203	1.8386	1.4558	6.83075e-05
121203	1.81131	1.44515	7.06189e-05
121203	1.83854	1.49362	16.0948
121203	1.80621	1.45515	0.999395
121203	1.78026	1.57396	4.17141
121203	1.76139	1.54413	8.14924e-05
121203	1.74294	1.53185	42.3939
121203	1.90415	1.17634	2.49837
121203	1.88694	1.25802	3.11574e-05
121203	1.85746	1.22823	18.8082
