event	Eta	Phi	pT
146441	2.44935	2.84949	0.517302
146441	2.39597	2.71339	0.530328
146441	2.16723	2.80915	6.06436
146441	2.09175	2.7718	5.06154
146441	2.23033	2.70138	1.07168
146441	2.24948	2.64569	9.47004e-05
146441	2.28503	2.64035	0.000122461
146441	2.30991	2.66468	13.0075
146441	2.17388	2.6972	0.700253
146441	2.08889	2.4984	0.489624
146441	2.08395	2.5844	8.83719
146441	2.15717	2.6613	6.02468e-05
146441	2.1266	2.64053	3.87339
146441	2.18304	2.64181	0.000129574
146441	2.16212	2.62931	5.57555e-05
146441	2.142	2.61291	2.17553
146441	2.23738	2.56173	1.36397
146441	2.2048	2.5506	11.2492
