event	Eta	Phi	pT
44353	1.78028	0.233873	1.04206
44353	1.46588	0.835317	5.74822
44353	1.48145	0.822172	1.18697
44353	1.63448	0.777214	4.8952
44353	1.46315	0.188415	1.4712
44353	1.76466	0.319472	3.67922
44353	1.69002	0.260664	1.69993
44353	1.62603	0.313191	4.51456
44353	1.55744	0.309249	1.70636
44353	1.65624	0.366705	2.09358
44353	1.50557	0.329568	1.70095
44353	1.49833	0.657821	2.07253
44353	1.43927	0.626765	4.91944e-05
44353	1.44863	0.547195	2.92725
44353	1.42423	0.531639	3.71912
44353	1.40615	0.516566	12.7556
44353	1.49295	0.412014	9.87253
44353	1.4976	0.596377	7.12488
44353	1.51496	0.533197	0.000269807
44353	1.51417	0.509276	7.97094e-05
44353	1.51296	0.506311	15.4356
44353	1.54424	0.561707	5.99597e-05
44353	1.57131	0.476629	0.000186435
44353	1.5968	0.485071	5.87185
44353	1.59133	0.526903	17.0592
