event	Eta	Phi	pT
14007	2.13121	1.35014	3.35728
14007	2.03481	1.13222	1.20471
14007	1.77898	1.54868	1.34884
14007	1.74671	1.48342	3.81363e-05
14007	1.91806	1.27465	1.13569
14007	1.70727	1.36681	5.14755
14007	1.70838	1.39212	3.98947e-05
14007	1.70359	1.38629	10.6556
14007	1.83486	1.30196	3.14383
14007	1.80448	1.32605	0.000113339
14007	1.73805	1.19825	4.56932
14007	1.7513	1.25383	35.1196
14007	1.73276	1.36224	5.76307e-05
14007	1.75502	1.36541	3.46107
14007	1.74372	1.32534	2.7446
14007	1.74524	1.33494	0.000260319
14007	1.75104	1.3366	15.9362
