event	Eta	Phi	pT
194382	-1.68285	1.83091	1.22861
194382	-2.02267	1.56543	0.7882
194382	-2.37439	2.11281	1.49956
194382	-1.84834	1.69016	2.10925e-05
194382	-2.16345	1.73198	2.66632
194382	-2.13165	2.12083	4.79184
194382	-1.96196	1.79429	2.21863
194382	-1.91209	1.98349	4.1219
194382	-2.00937	2.07227	2.8039e-05
194382	-2.13697	2.00929	8.65615
194382	-2.0721	2.04978	0.876918
194382	-1.95859	2.00192	0.000126862
194382	-2.02159	2.02792	3.24957e-05
194382	-2.02068	2.0131	7.97516e-05
194382	-1.99346	1.94075	2.88723
194382	-2.05947	1.96351	2.83641e-05
194382	-2.01185	1.91101	3.72293e-05
194382	-2.034	1.93153	48.5359
