event	Eta	Phi	pT
30365	-2.02614	3.50231	0.654509
30365	-1.65628	3.74147	9.15276
30365	-1.83727	3.64313	1.05167
30365	-1.57565	3.12983	4.03113e-05
30365	-1.8445	3.36091	5.16689
30365	-1.79158	3.26315	3.16646
30365	-1.68948	3.33932	5.16246e-05
30365	-1.69857	3.28526	11.0051
30365	-1.58269	3.24268	2.77165e-05
30365	-1.60346	3.32809	1.71772
30365	-1.68058	3.50855	4.88214e-05
30365	-1.66299	3.42462	2.23258e-05
30365	-1.52108	3.4688	6.22792
30365	-1.57718	3.50978	6.08692e-05
30365	-1.58306	3.44826	21.2692
