event	Eta	Phi	pT
79601	0.669435	3.4556	2.47987
79601	0.389955	2.87391	8.32753
79601	0.400619	2.93448	1.0279
79601	0.600966	3.13688	2.3078e-05
79601	0.63388	3.11864	12.75
79601	0.512474	3.03927	11.4243
79601	0.626372	3.22247	5.02629e-05
79601	0.403689	3.03425	4.1086e-05
79601	0.513193	3.13828	1.14296
79601	0.459306	3.13036	7.21888e-05
79601	0.41208	3.13008	2.9354
79601	0.383182	3.14424	1.1282
79601	0.428257	3.14846	3.85519e-05
79601	0.371172	3.17937	2.11833e-05
79601	0.434341	3.16954	3.24364
79601	0.471815	3.19959	3.79823
79601	0.406771	3.26778	16.1965
