event	Eta	Phi	pT
30812	-1.87654	4.98297	2.94229
30812	-2.23767	4.60482	2.95963e-05
30812	-2.18207	4.48983	3.50186
30812	-1.75991	4.88056	6.33911
30812	-1.88026	4.84283	2.46915
30812	-1.92719	4.33633	0.91651
30812	-1.89101	4.38836	17.8977
30812	-1.67722	4.59754	3.69773
30812	-1.82088	4.74107	6.6481e-05
30812	-1.89649	4.48044	0.587102
30812	-1.98568	4.65884	1.09661
30812	-1.88682	4.56775	0.000142332
30812	-1.87765	4.55198	21.408
30812	-1.9253	4.59293	4.22821e-05
30812	-1.9272	4.64906	7.3922e-05
30812	-1.7976	4.66769	1.8216
30812	-1.86785	4.59076	0.586114
30812	-1.82031	4.63316	1.14842
30812	-1.8322	4.66421	1.92522
30812	-1.83599	4.66564	4.71502e-05
30812	-1.84925	4.61592	2.03146
30812	-1.85452	4.64343	30.8855
