event	Eta	Phi	pT
195574	-0.745401	5.24039	3.91479
195574	-0.631997	5.23946	4.45505
195574	-0.480306	5.1885	17.6636
195574	-0.779361	5.12323	2.75267
195574	-0.602549	5.09539	3.71409
195574	-0.580415	5.13114	6.48595
195574	-0.589619	5.13854	4.14378
195574	-0.467325	5.06303	4.54952e-05
195574	-0.706593	5.06167	0.950987
195574	-0.670061	5.07389	3.79973e-05
195574	-0.679288	4.71834	3.69155
195574	-0.572957	4.73217	2.07341e-05
195574	-0.569564	4.72374	4.15683
195574	-0.474408	4.8265	2.93751
195574	-0.535419	5.0088	5.95013e-05
195574	-0.506316	4.84957	3.74755
195574	-0.659718	5.00779	6.32834e-05
195574	-0.594742	4.99456	0.865786
195574	-0.637292	5.00046	2.55136e-05
195574	-0.688131	4.98474	7.46497e-05
195574	-0.638632	4.85077	16.6251
195574	-0.654969	4.94187	8.08157
