event	Eta	Phi	pT
119820	0.038847	4.26238	1.72453
119820	0.231361	4.06933	2.72195
119820	0.680107	4.17239	2.74628e-05
119820	0.428589	4.0512	3.10577
119820	0.598654	4.44309	1.09037
119820	0.332497	4.27001	5.27598
119820	0.384092	4.26512	4.12341e-05
119820	0.380475	4.28227	1.67177
119820	0.418873	4.3295	2.38195e-05
119820	0.36845	4.36629	0.000125619
119820	0.370472	4.32988	18.7394
119820	0.473565	4.34691	5.34496
119820	0.347133	4.39346	3.72082
119820	0.363501	4.48108	3.23511
119820	0.423254	4.40653	0.000103319
119820	0.434656	4.43016	28.955
