event	Eta	Phi	pT
160628	0.580198	6.23523	4.0206
160628	0.793574	5.57117	1.58956
160628	0.616476	6.05655	7.23714
160628	0.487958	5.96302	3.15991
160628	0.578869	5.67003	4.66938
160628	0.747577	5.71408	2.26537
160628	0.707868	5.73103	6.75064
160628	0.529008	5.75071	1.67889
160628	0.531936	5.78769	3.27846
160628	0.556527	5.95541	6.60687e-05
160628	0.671021	5.96154	7.46665e-05
160628	0.701999	5.90694	6.0392
160628	0.645144	5.81485	0.000109424
160628	0.599331	5.80374	3.98038e-05
160628	0.590996	5.87781	8.26101
160628	0.621393	5.85567	10.3078
