event	Eta	Phi	pT
134904	-0.960557	4.37068	20.9065
134904	-1.08752	4.40245	9.54241
134904	-1.15502	4.42842	2.79662e-05
134904	-1.11699	3.97715	1.71077
134904	-1.06961	4.23614	2.84585e-05
134904	-1.30626	3.97839	4.06991
134904	-1.12727	4.06567	2.84599e-05
134904	-1.27131	4.27012	6.25707
134904	-1.21063	4.24182	15.0788
134904	-1.19056	4.12631	8.6363e-05
134904	-1.30973	4.01193	4.3461
134904	-1.3321	4.27977	1.61824
134904	-1.34278	4.05141	7.27705e-05
134904	-1.32466	4.0522	2.81322
134904	-1.29639	4.2126	3.35449
134904	-1.3046	4.1774	1.20859
134904	-1.38359	4.14072	0.000223594
134904	-1.33906	4.14497	21.5728
