event	Eta	Phi	pT
748	0.362191	1.16627	3.07991e-05
748	0.666109	1.61384	2.89626
748	0.348861	1.54304	9.79541
748	0.565547	1.56241	16.9334
748	0.615769	1.46095	5.65979e-05
748	0.597507	1.38505	2.71034e-05
748	0.442823	1.27172	4.10377e-05
748	0.559687	1.44781	8.55328e-05
748	0.388722	1.3673	4.04044e-05
748	0.401862	1.37604	1.9928
748	0.439119	1.43806	1.33679
748	0.544835	1.40742	2.86131
748	0.475879	1.43908	9.92815e-05
748	0.484339	1.42154	8.47827
748	0.490605	1.42093	1.56313
748	0.47037	1.38791	2.57167
748	0.462754	1.37035	3.32363
748	0.512235	1.3635	2.52192
748	0.489842	1.33142	17.596
