event	Eta	Phi	pT
29566	-1.85983	2.16089	5.68614
29566	-2.02216	2.29216	2.8383
29566	-1.48003	2.46654	1.16211
29566	-1.85771	2.32517	2.91911e-05
29566	-1.73615	2.29432	4.31955
29566	-1.61752	2.66355	5.91595
29566	-1.80243	2.67723	4.6689
29566	-1.78729	2.37458	2.4394
29566	-1.60764	2.42231	2.64615e-05
29566	-1.63967	2.56014	5.32138e-05
29566	-1.81444	2.49185	2.47182e-05
29566	-1.71578	2.43616	0.000115109
29566	-1.68304	2.47553	8.74879e-05
29566	-1.73588	2.47617	0.000307952
29566	-1.69864	2.52159	1.09521
29566	-1.71966	2.51196	6.15645
29566	-1.7278	2.51094	27.6558
