event	Eta	Phi	pT
21039	-2.013	2.00878	2.9102
21039	-1.82639	2.0857	4.62676
21039	-2.30935	2.46343	4.47696e-05
21039	-2.3054	2.40114	1.3367
21039	-1.87548	2.52506	1.89742
21039	-1.85799	2.2928	6.37081e-05
21039	-1.89503	2.47032	2.02509e-05
21039	-1.98637	2.2379	4.2923e-05
21039	-1.91318	2.34275	4.87
21039	-1.9363	2.34514	1.79617
21039	-1.9391	2.37424	10.6831
21039	-2.23539	2.31182	2.1744e-05
21039	-2.18473	2.51669	2.32118
21039	-2.11223	2.26153	1.84541
21039	-2.19241	2.47612	1.91193
21039	-2.21289	2.3756	3.94663
21039	-2.03018	2.47437	8.99149e-05
21039	-2.0906	2.47657	2.65553e-05
21039	-2.08138	2.47158	5.84764
21039	-2.1053	2.42636	3.60331
21039	-2.06598	2.4185	3.57142
21039	-2.05923	2.35169	5.53413e-05
21039	-2.07294	2.34625	12.9225
