event	Eta	Phi	pT
68064	1.8833	6.18315	1.16866
68064	2.02401	6.24967	2.11977e-05
68064	2.01879	6.24742	0.937934
68064	1.69672	0.59371	0.926491
68064	2.12455	0.206057	1.31613
68064	2.01218	0.441838	1.25683
68064	1.90729	0.0766269	0.71686
68064	1.76516	0.0967551	3.15244
68064	1.68062	0.164361	3.1779
68064	1.73079	0.423763	2.15758e-05
68064	1.81126	0.459553	4.84863
68064	1.9122	0.425442	9.11984
68064	1.9913	0.239923	1.92809
68064	1.85497	0.17387	7.7791
68064	1.81914	0.180734	6.41723e-05
68064	1.81896	0.178588	1.15477
68064	1.72408	0.344318	2.0861e-05
68064	1.74178	0.346619	1.57304
68064	1.79943	0.261309	3.30863e-05
68064	1.77114	0.267103	10.7006
68064	1.81185	0.362729	1.79556
68064	1.91056	0.276298	5.85058e-05
68064	1.88881	0.323182	2.51093e-05
68064	1.85105	0.338342	0.000109242
68064	1.87776	0.276655	3.78431e-05
68064	1.84267	0.296575	18.9347
