event	Eta	Phi	pT
34483	-0.539212	1.01648	2.43496e-05
34483	-0.337848	0.65655	23.4427
34483	-0.27881	0.754249	2.62896
34483	-0.294273	0.779512	8.52682
34483	-0.278543	0.830318	4.17395e-05
34483	-0.281927	0.839556	3.38891
34483	-0.446221	0.970377	1.8875
34483	-0.379434	0.962127	16.2811
34483	-0.445237	0.859992	3.68971
34483	-0.424088	0.836677	4.15094
34483	-0.333139	0.846172	2.22399
34483	-0.325026	0.841999	4.88126
34483	-0.401763	0.879673	8.21655e-05
34483	-0.399331	0.889205	2.78428
34483	-0.333219	0.871515	5.92738e-05
34483	-0.344548	0.906247	1.25905
34483	-0.363747	0.908639	0.000152837
34483	-0.361316	0.889062	16.9798
