event	Eta	Phi	pT
65863	1.65282	2.07435	2.66618e-05
65863	1.40194	1.91023	1.10758
65863	1.64548	1.44568	2.09412
65863	1.45418	1.66034	2.93926
65863	1.48138	1.86391	1.02589
65863	1.52091	1.87697	5.37613e-05
65863	1.61043	1.9028	4.61001e-05
65863	1.5085	1.77905	3.4366
65863	1.66886	1.8786	5.19062
65863	1.57206	1.61751	4.92817e-05
65863	1.54868	1.67976	4.65053
65863	1.73608	1.68467	18.7041
65863	1.76393	1.74641	1.23711
65863	1.67199	1.81939	2.40739e-05
65863	1.61326	1.78369	3.136
65863	1.66425	1.77182	0.000122804
65863	1.64779	1.7712	8.00465
