event	Eta	Phi	pT
25522	-2.04538	6.21219	3.40793
25522	-2.35843	0.213349	0.851852
25522	-2.36345	0.170613	1.7965
25522	-2.13445	6.20318	0.658147
25522	-2.13424	6.14838	2.85007e-05
25522	-2.41009	0.130193	2.31901e-05
25522	-2.28563	0.0737143	0.90931
25522	-2.35077	0.085475	1.27776
25522	-2.48725	6.01055	1.75566
25522	-2.38188	6.00485	0.60612
25522	-2.42214	0.0319563	1.52822
25522	-2.3658	0.0237407	1.55179
25522	-2.2792	6.20258	10.1516
25522	-2.38803	6.25085	9.14235e-05
25522	-2.41964	6.25115	1.09578
25522	-2.35476	6.17392	5.87525e-05
25522	-2.43132	6.17447	2.28174e-05
25522	-2.42162	6.14981	47.3086
