event	Eta	Phi	pT
168995	0.687776	4.63536	3.06721e-05
168995	0.726832	5.04837	2.44415e-05
168995	0.844719	4.58024	3.49591e-05
168995	0.777792	4.79383	5.92648
168995	0.787781	4.88539	5.56575
168995	1.08514	5.03729	4.75127
168995	0.85853	4.70696	2.10996e-05
168995	1.13972	4.60644	5.85319e-05
168995	0.951792	4.83684	2.10041
168995	1.17016	4.74485	7.46924
168995	1.12068	4.73313	6.22117
168995	1.03287	4.73469	7.77138
168995	1.0891	4.90845	5.5248e-05
168995	1.0455	4.87118	5.06063
168995	1.06829	4.78058	2.50957e-05
168995	1.04713	4.8313	2.12745
168995	1.06147	4.84101	0.000170643
168995	1.06817	4.82166	15.1091
