event	Eta	Phi	pT
48701	-0.655669	2.82331	2.05424e-05
48701	-0.578738	2.84125	0.962148
48701	-0.64091	3.155	20.1815
48701	-0.215073	2.73071	3.40279e-05
48701	-0.361703	2.77622	0.000100705
48701	-0.519296	2.89841	1.29071
48701	-0.418432	2.85213	8.76549
48701	-0.237619	3.32114	8.17553
48701	-0.430974	3.2186	3.1386
48701	-0.109419	3.12641	7.93703
48701	-0.243077	2.86942	3.65688
48701	-0.427756	2.99588	0.96915
48701	-0.254002	2.9348	3.89037e-05
48701	-0.270801	2.95601	3.18239
48701	-0.333946	2.96034	4.04692e-05
48701	-0.346467	2.97494	3.19903e-05
48701	-0.370168	3.07382	6.84991
48701	-0.241397	3.17476	4.0342e-05
48701	-0.262466	3.01777	3.26074
48701	-0.20374	3.06719	2.73477e-05
48701	-0.276423	3.10699	7.96297
48701	-0.243475	3.0688	4.60678
