event	Eta	Phi	pT
11525	-2.44209	1.18501	2.0531
11525	-2.39297	1.16755	2.17079
11525	-2.20858	1.12656	1.18823
11525	-2.4913	1.01337	7.50564
11525	-2.28476	1.04721	2.23319e-05
11525	-2.31298	1.05688	2.2077
11525	-2.31673	1.11867	2.23024e-05
11525	-2.30371	1.09508	6.19037
11525	-2.1406	0.842187	1.02581
11525	-2.22331	0.841917	5.21028e-05
11525	-2.35431	0.815445	4.09706e-05
11525	-2.35109	0.713041	4.16757
11525	-2.28491	0.660953	1.79034
11525	-2.25088	0.747115	16.2226
11525	-2.36536	0.906762	0.651096
11525	-2.33519	0.942682	7.45478e-05
11525	-2.30253	0.937704	0.619892
11525	-2.25027	0.925461	1.75394
11525	-2.26751	0.937177	1.14461
11525	-2.27226	0.949812	8.85128
