event	Eta	Phi	pT
64427	-0.709071	4.54027	3.38488e-05
64427	-0.729984	4.09704	2.26786
64427	-0.698819	4.29795	2.72598e-05
64427	-0.723362	4.36759	11.7007
64427	-0.738652	4.25879	2.54099e-05
64427	-1.00869	4.30051	1.92065
64427	-0.982942	4.29521	4.66051e-05
64427	-1.00368	4.38726	2.75266
64427	-0.984677	4.4066	7.9342
64427	-0.949445	4.27868	2.1836
64427	-0.991895	4.36836	1.3587
64427	-0.943665	4.29257	5.54577e-05
64427	-0.946872	4.29616	1.25599
64427	-0.918193	4.35545	4.10844
64427	-0.920655	4.30428	6.93718e-05
64427	-0.919674	4.30502	7.10378e-05
64427	-0.921057	4.32697	15.0801
64427	-0.906554	4.39946	6.99637
64427	-0.877054	4.37297	16.204
64427	-0.970709	4.14196	3.41613
64427	-0.960314	4.13795	3.02138
64427	-0.903585	4.26654	1.0278
64427	-0.894181	4.14781	1.64164
64427	-0.906609	4.19201	6.84054
64427	-0.878022	4.18944	24.7175
