event	Eta	Phi	pT
72856	0.144386	2.47827	0.966681
72856	0.629127	2.28053	3.15021e-05
72856	0.432644	2.58447	5.33416
72856	0.317391	2.56001	5.19185
72856	0.31437	2.51164	3.23956
72856	0.262528	2.40375	2.4098
72856	0.521061	2.41622	3.34495
72856	0.526285	2.41848	1.7513
72856	0.473013	2.29635	2.48384e-05
72856	0.493868	2.27765	7.521
72856	0.377965	2.46942	2.472
72856	0.445934	2.46019	6.62627e-05
72856	0.315351	2.36069	4.48102e-05
72856	0.360191	2.41542	0.000193569
72856	0.358136	2.40913	2.53312e-05
72856	0.345054	2.38661	4.22514e-05
72856	0.362838	2.32473	3.50591e-05
72856	0.382765	2.39738	0.000115612
72856	0.409178	2.34252	9.20875
72856	0.382441	2.37312	3.81587e-05
72856	0.39052	2.36254	14.0006
