event	Eta	Phi	pT
143346	-1.82028	4.06721	2.07768
143346	-1.7819	3.94311	2.45696
143346	-1.76168	3.74292	2.23665e-05
143346	-1.78423	3.89442	1.83985
143346	-2.0652	3.44983	0.791135
143346	-2.29889	3.53062	1.64306
143346	-2.32449	3.91577	3.32204
143346	-1.92684	3.96371	0.720297
143346	-2.27411	3.94455	1.42894
143346	-1.98852	3.99231	2.18793e-05
143346	-2.15246	3.56631	0.873095
143346	-2.22664	3.66667	3.40095
143346	-2.24182	3.86943	2.18455
143346	-2.25532	3.82899	3.13305e-05
143346	-2.24436	3.80589	5.66113e-05
143346	-2.08934	3.64308	5.75477e-05
143346	-2.01195	3.73927	4.22006
143346	-2.1632	3.79595	0.817752
143346	-2.02388	3.75276	2.83077
143346	-2.08327	3.75871	4.06705
143346	-2.07661	3.78411	0.000109028
143346	-2.08633	3.79785	24.4685
