event	Eta	Phi	pT
57390	-0.84835	1.97584	1.74563
57390	-0.8377	1.54549	4.30073
57390	-0.738629	1.55317	4.01607e-05
57390	-0.731814	1.54356	9.05725
57390	-0.625875	1.64608	3.37486e-05
57390	-0.826548	1.6442	2.47362
57390	-0.643251	1.64195	1.90926
57390	-0.804464	1.63774	5.9183e-05
57390	-0.790459	1.63792	5.76653e-05
57390	-0.762332	1.62952	9.93693e-05
57390	-0.839261	1.69279	1.95996
57390	-0.812749	1.66528	1.42889
57390	-0.725179	1.6636	1.90104
57390	-0.705826	1.65583	4.33513
57390	-0.706286	1.69596	1.11394
57390	-0.698685	1.70334	2.85877
57390	-0.766456	1.71702	1.60028
57390	-0.798802	1.78122	2.02001
57390	-0.722396	1.84728	8.73019
57390	-0.70603	1.77566	6.60727e-05
57390	-0.717112	1.77951	9.97313
