event	Eta	Phi	pT
162973	0.00453252	5.38648	2.7932e-05
162973	-0.075993	4.88155	5.93396
162973	-0.106752	4.89742	4.02509e-05
162973	-0.00930543	4.91414	9.95399e-05
162973	-0.0146432	4.90772	11.9561
162973	-0.0964139	4.95359	3.15396e-05
162973	-0.0371555	5.28255	2.53233
162973	-0.120518	5.23114	3.62813
162973	-0.0960924	5.18294	4.28155
162973	-0.0873201	5.14789	3.3189
162973	-0.069447	5.08633	11.5854
162973	-0.0599127	5.12712	4.5683e-05
162973	-0.00708649	5.10587	11.5505
162973	0.00686164	5.12578	6.36789
