event	Eta	Phi	pT
72504	-0.119594	2.0122	7.63288
72504	-0.325016	2.38722	2.97529
72504	-0.0875601	2.10863	1.23049
72504	-0.014494	2.13988	3.74272
72504	-0.140637	2.20964	4.18455e-05
72504	-0.17306	2.258	2.13912e-05
72504	-0.0957382	2.22354	1.53983
72504	0.142218	2.29602	2.12014
72504	0.0654959	2.48513	7.41596
72504	-0.0781146	2.32411	1.96737
72504	-0.089003	2.41337	4.8688
72504	-0.0622085	2.40199	2.52931
72504	-0.0536502	2.33705	3.99767e-05
72504	-0.016598	2.41287	5.72537
72504	-0.0189671	2.3421	8.79448e-05
72504	0.000939262	2.36877	6.30245
72504	0.0483702	2.39328	6.97616
72504	0.0301629	2.43218	0.000149291
72504	0.0220275	2.43205	2.24355
