event	Eta	Phi	pT
66891	-1.6759	5.17011	4.3332
66891	-1.90124	4.55905	4.8979
66891	-1.77381	4.61729	4.12105
66891	-1.90946	4.82482	7.44544
66891	-1.74012	4.93196	5.77759e-05
66891	-1.73137	4.95207	9.96316
66891	-1.83144	4.74576	4.70766e-05
66891	-1.71062	4.88122	3.72828
66891	-1.65704	4.789	7.18316e-05
66891	-1.7285	4.85984	7.05567
66891	-1.67044	4.80307	2.25631e-05
66891	-1.69687	4.8248	5.46878
66891	-1.73861	4.84018	3.49964
66891	-1.78631	4.79793	9.53742e-05
66891	-1.76396	4.80331	4.36117e-05
66891	-1.74093	4.77931	24.1175
