event	Eta	Phi	pT
89157	0.546254	0.243275	5.80273
89157	0.680477	0.419854	2.38492
89157	0.638182	0.391746	7.49483e-05
89157	0.583623	0.430268	7.86156
89157	0.626392	0.40678	9.37636e-05
89157	0.620058	0.438654	0.898212
89157	0.623962	0.445011	27.6335
89157	0.652168	0.328832	12.5913
89157	0.625515	0.33761	2.11461
89157	0.558326	0.400043	0.989278
89157	0.565927	0.380862	9.75742
89157	0.575476	0.307539	5.94927e-05
89157	0.560685	0.359502	5.59346e-05
89157	0.569138	0.334549	0.000174542
89157	0.580327	0.340704	23.583
