event	Eta	Phi	pT
31075	-1.86037	3.24152	1.24585
31075	-2.00066	3.18572	2.52844e-05
31075	-1.91072	3.139	2.67037e-05
31075	-2.10913	2.99187	0.000115979
31075	-2.12042	3.06311	16.4651
31075	-2.03514	3.01239	2.56565
31075	-1.84513	2.99911	2.89132
31075	-2.07324	2.92851	9.11435e-05
31075	-1.94004	2.77728	12.7836
31075	-1.98401	2.81433	4.55175e-05
31075	-1.87474	2.89127	2.37778
31075	-1.9632	2.83517	4.31219
31075	-1.94655	2.8712	4.45616e-05
31075	-1.93177	2.9382	1.7011
31075	-1.95717	2.88396	3.60006
31075	-1.96442	2.91906	13.5863
