event	Eta	Phi	pT
92911	-0.464087	3.6991	3.74191
92911	-0.320084	3.27293	0.933722
92911	-0.41441	3.19561	1.84502
92911	-0.499552	3.53936	3.37868e-05
92911	-0.479527	3.51698	10.1806
92911	-0.553867	3.53909	8.02724
92911	-0.456325	3.2851	4.9719e-05
92911	-0.546739	3.27913	11.2806
92911	-0.507896	3.45724	9.89834e-05
92911	-0.57313	3.46924	7.64654e-05
92911	-0.613584	3.45817	2.97142
92911	-0.55883	3.4535	3.16094
92911	-0.606399	3.44401	3.5477
92911	-0.578459	3.43317	0.00011924
92911	-0.568282	3.43514	5.53232
92911	-0.549318	3.41376	1.31793
92911	-0.596808	3.39438	2.94809
92911	-0.565835	3.35715	9.34207e-05
92911	-0.581776	3.3645	16.0564
