event	Eta	Phi	pT
43842	1.55909	0.504832	2.40811
43842	1.54154	0.454712	5.93875
43842	1.59038	6.05078	1.73323
43842	1.67935	0.346731	8.73759
43842	1.76315	0.279633	1.86514
43842	1.60453	0.298393	3.88461
43842	1.68203	0.291358	1.19113
43842	1.51602	0.250695	2.29192e-05
43842	1.43255	0.0886315	3.55439
43842	1.49436	0.171484	2.49608
43842	1.48276	0.104596	2.62786
43842	1.71611	6.23263	14.585
43842	1.74522	0.0204643	4.83047e-05
43842	1.57175	0.156976	1.24483
43842	1.57784	0.0516404	3.23378
43842	1.63341	0.128155	13.1444
43842	1.69231	0.0280169	0.000185696
43842	1.6274	0.0877258	0.000153547
43842	1.62776	0.0655055	1.52135
43842	1.68287	0.105803	9.76116e-05
43842	1.65409	0.0937439	5.38651e-05
43842	1.66391	0.0859082	9.05395e-05
43842	1.66912	0.0747312	24.6136
