event	Eta	Phi	pT
170999	-2.05037	4.67087	1.18108
170999	-2.41403	4.21431	2.39476
170999	-2.22475	4.14223	1.44297
170999	-2.21411	4.19889	4.32856
170999	-2.20606	4.26259	1.81505
170999	-2.17783	4.44656	0.000203192
170999	-2.13808	4.29547	3.02203e-05
170999	-2.1574	4.2963	6.30729
170999	-2.05608	4.2639	3.4136e-05
170999	-2.09691	4.28532	0.74522
170999	-2.07987	4.3212	2.59167
170999	-2.09333	4.40931	3.66587e-05
170999	-2.06717	4.40782	0.831739
170999	-2.06241	4.3702	17.7156
170999	-2.31521	4.65735	1.71057
170999	-2.22423	4.58445	0.608034
170999	-2.38742	4.62281	2.30205
170999	-2.40428	4.57363	3.18091
170999	-2.28336	4.42615	0.735467
170999	-2.37259	4.52048	4.76038e-05
170999	-2.3258	4.51207	2.45745
170999	-2.31515	4.49954	13.1101
