event	Eta	Phi	pT
96640	-1.66488	2.79727	0.943153
96640	-1.60423	2.94433	6.51952e-05
96640	-1.63027	2.86426	5.66674
96640	-1.62015	2.94546	2.4128e-05
96640	-1.651	2.92082	11.5221
96640	-1.61386	2.89272	2.96389e-05
96640	-1.63168	2.89767	9.31562
96640	-1.02298	3.24593	1.8123
96640	-1.50804	3.44542	2.63654e-05
96640	-1.61209	3.06581	3.11105
96640	-1.53427	2.9723	4.72943
96640	-1.28038	3.37782	0.000135303
96640	-1.29846	3.31684	7.51596
96640	-1.38144	3.17539	13.4422
96640	-1.38978	3.14806	5.09298
96640	-1.38655	3.10794	0.000305075
96640	-1.32036	3.09367	5.13025
96640	-1.34098	3.14532	1.09099
96640	-1.33806	3.12441	43.466
