event	Eta	Phi	pT
38515	1.617	1.34357	3.06439
38515	1.67652	0.968764	0.962513
38515	2.13925	1.39273	2.12364
38515	2.04278	0.944307	12.3695
38515	2.07053	0.976582	2.31767e-05
38515	1.96154	1.39119	3.20835
38515	2.13468	1.11956	2.27662
38515	1.72059	1.20149	0.827139
38515	1.95018	0.977515	0.761671
38515	1.88917	0.99896	2.93137
38515	1.77773	1.07514	0.968905
38515	1.86604	1.34518	1.77432
38515	1.7686	1.12596	0.911227
38515	2.08378	1.16166	0.596431
38515	1.87911	1.06448	2.21785
38515	1.91957	1.12892	0.000102624
38515	1.84395	1.12838	4.81559e-05
38515	1.89832	1.20243	4.05258e-05
38515	1.89701	1.19389	9.64043e-05
38515	1.90595	1.17487	5.7023
38515	1.8685	1.18786	2.09749
38515	1.86615	1.14928	0.716008
38515	1.87159	1.16544	19.7987
38515	1.93537	1.11016	0.000122938
38515	1.93784	1.11889	9.96381e-05
38515	1.97669	1.19191	41.0414
