event	Eta	Phi	pT
128538	-2.17007	6.24473	0.751594
128538	-2.18178	0.0829761	3.99644
128538	-2.0189	6.19581	1.2634
128538	-1.71847	6.2032	2.32465e-05
128538	-1.88787	6.1922	0.636909
128538	-2.152	0.170694	0.457416
128538	-1.8367	0.423163	1.20255
128538	-1.97927	0.0774955	0.827201
128538	-1.70587	0.118964	2.06713
128538	-1.98376	0.155963	5.92807
128538	-1.912	0.281945	0.687257
128538	-1.85521	0.133115	1.22999
128538	-1.90556	0.207658	2.30654
128538	-1.80044	0.176267	2.29204e-05
128538	-1.87552	0.228918	8.01413e-05
128538	-1.8305	0.225107	34.2815
