event	Eta	Phi	pT
168576	0.528223	5.5373	5.38198
168576	0.311481	5.5471	6.21317
168576	0.630118	4.95382	1.64804
168576	0.343563	4.85129	3.06387
168576	0.223192	4.94417	2.68941
168576	0.29128	5.0373	10.2225
168576	0.525028	5.16459	1.57707
168576	0.346652	5.09525	2.63356
168576	0.297174	5.13324	1.57164
168576	0.281648	5.17657	2.27978e-05
168576	0.283657	5.19601	7.53975e-05
168576	0.395092	5.11789	1.13316
168576	0.385385	5.17657	0.00022204
168576	0.420963	5.19363	2.14414
168576	0.419528	5.15886	23.2439
168576	0.426615	5.35412	6.67352
168576	0.289755	5.25251	3.1856e-05
168576	0.354911	5.20527	5.91283e-05
168576	0.374052	5.21348	1.59202
168576	0.400124	5.23859	6.15829
168576	0.377966	5.22953	0.000107975
168576	0.347206	5.32854	5.13937e-05
168576	0.333968	5.278	4.65345e-05
168576	0.341017	5.28691	3.57164
168576	0.354372	5.2672	4.70311
168576	0.371763	5.2881	17.0122
