event	Eta	Phi	pT
20279	-2.43807	1.13776	3.10689
20279	-2.40055	0.990987	8.11657
20279	-2.26829	0.899335	5.67069e-05
20279	-2.23751	0.862889	6.88132e-05
20279	-2.23878	0.878192	2.33249e-05
20279	-2.17392	0.919941	23.1961
20279	-2.25975	0.525121	2.09895e-05
20279	-2.35884	0.556407	0.753936
20279	-2.27847	0.590764	3.46106
20279	-2.34643	0.591732	2.34182e-05
20279	-2.32478	0.895084	1.69079
20279	-2.40319	0.649836	2.48699
20279	-2.43983	0.835899	2.19728e-05
20279	-2.29959	0.847787	2.28731e-05
20279	-2.35171	0.831653	5.03857e-05
20279	-2.40541	0.766498	1.20982
20279	-2.38681	0.776937	10.6724
20279	-2.28088	0.780999	2.90877
20279	-2.3033	0.766007	1.45054
20279	-2.30171	0.747234	14.2931
