event	Eta	Phi	pT
142646	0.516996	2.09862	3.57047
142646	0.305704	2.09033	2.70898
142646	0.219496	1.57741	2.4123
142646	0.121001	1.80856	2.98262e-05
142646	0.526675	1.57821	2.31619e-05
142646	0.296928	1.98311	3.17253
142646	0.407035	1.95932	4.15002
142646	0.55893	1.82605	1.55697
142646	0.196774	1.84356	4.01337e-05
142646	0.205037	1.78998	0.869336
142646	0.474604	1.80163	2.13491
142646	0.433077	1.79034	8.34097e-05
142646	0.286549	1.81247	5.00514e-05
142646	0.406728	1.78206	4.1215e-05
142646	0.392922	1.81292	1.71599
142646	0.361983	1.79902	2.96059e-05
142646	0.345841	1.82366	3.95513e-05
142646	0.359851	1.83791	15.9909
142646	0.374034	1.5656	2.60663
142646	0.40573	1.61477	4.19157
142646	0.433094	1.76732	8.01974e-05
142646	0.297989	1.65822	3.68459e-05
142646	0.35378	1.6743	0.000109483
142646	0.369619	1.71691	4.51975e-05
142646	0.364074	1.71208	18.2184
