event	Eta	Phi	pT
187761	1.7238	5.95186	2.24946
187761	1.73351	5.89325	4.02654
187761	1.80571	5.29167	2.6963
187761	1.58917	5.34467	3.74273
187761	1.80105	5.40363	1.6453
187761	1.71236	5.69315	2.11732e-05
187761	1.61016	5.53988	3.63588e-05
187761	1.79222	5.63192	1.47175
187761	1.72437	5.65575	2.17484
187761	1.7	5.63936	2.35401e-05
187761	1.65133	5.57521	4.86432
187761	1.76826	5.52153	1.55025
187761	1.77618	5.57117	4.46398
187761	1.74325	5.52069	1.77472
187761	1.69707	5.56567	2.41925
187761	1.71996	5.57543	2.85731
187761	1.71348	5.55911	12.9412
187761	1.72621	5.55405	3.2705
