event	Eta	Phi	pT
35019	1.09198	2.74239	0.972125
35019	0.932195	2.79024	1.96465
35019	1.1578	2.78809	4.38408e-05
35019	1.14978	2.8303	4.31436
35019	1.05392	3.30131	2.05629
35019	1.17738	3.27875	3.97998
35019	0.96176	3.24279	1.6001
35019	1.13519	2.90291	4.31356
35019	1.0111	2.9987	26.8961
35019	1.00621	3.20598	3.71083e-05
35019	0.975912	3.12295	1.10771
35019	1.06015	3.21943	2.31264
35019	1.13212	2.99667	2.42839e-05
35019	1.1851	3.0414	1.99497
35019	1.10038	3.017	5.81679
35019	1.10048	3.02247	11.2111
35019	1.03608	3.08703	0.000112857
35019	1.091	3.05134	2.75682
35019	1.06714	3.18056	0.000207389
35019	1.04359	3.12481	4.10845
35019	1.04805	3.13295	9.61399
35019	1.0594	3.10734	0.000154682
35019	1.10954	3.1588	1.79611
35019	1.09717	3.14676	22.4345
35019	1.1627	3.09549	2.14734e-05
35019	1.10431	3.09056	2.99717
35019	1.12633	3.10917	30.4903
