event	Eta	Phi	pT
185741	-0.0803523	3.74232	2.06988
185741	-0.0171968	3.75987	2.27596
185741	0.0607126	3.79488	1.54418
185741	-0.359077	3.93687	1.02487
185741	0.0251142	4.31491	4.32811
185741	0.0326435	4.27488	3.70473
185741	-0.304162	4.22143	2.12656e-05
185741	0.0283548	4.20254	6.3964e-05
185741	-0.0624638	3.9394	4.32611
185741	-0.0260848	4.13856	1.29778
185741	-0.149536	4.16673	1.74794
185741	-0.058553	4.14901	2.36723
185741	-0.0259798	4.09803	4.35553e-05
185741	-0.0458287	4.09967	0.908292
185741	-0.0946997	4.10232	3.11897
185741	-0.151679	4.09672	8.28682
185741	-0.119624	3.99243	8.19567e-05
185741	-0.131158	4.04021	3.44769
185741	-0.116898	4.01995	19.6962
