event	Eta	Phi	pT
193299	2.08524	0.330748	4.03966
193299	2.06776	0.239178	3.06807e-05
193299	2.07279	0.157346	3.19495e-05
193299	2.07896	0.119861	0.823984
193299	2.66735	0.0505056	3.32532
193299	2.4117	6.16778	1.25907
193299	2.19263	0.140192	3.88067
193299	2.19675	0.0857527	5.71664
193299	2.2102	0.0474725	0.734574
193299	2.21494	0.113993	2.24326
193299	2.56981	0.143275	11.268
193299	2.24653	0.0291313	1.23452
193299	2.24249	0.0675655	1.82223
193299	2.39411	0.245054	5.98983
193299	2.28621	0.0976865	1.05886
193299	2.29191	0.109677	1.77128
193299	2.31144	0.153964	2.35641
193299	2.32142	0.0411866	5.07674
193299	2.43427	0.196315	2.93107e-05
193299	2.35552	0.154423	2.89227
193299	2.3998	0.181736	6.66547
193299	2.40212	0.169944	2.55748
193299	2.46847	0.163575	8.51966e-05
193299	2.35541	0.13338	1.97429
193299	2.49371	0.101168	0.000166635
193299	2.39151	0.0453447	0.624567
193299	2.38976	0.0549134	0.000108476
193299	2.37974	0.0783882	1.4846
193299	2.38976	0.104508	5.64616e-05
193299	2.42775	0.0734481	0.525684
193299	2.43068	0.0866962	45.4635
