event	Eta	Phi	pT
66746	-2.06274	0.393919	0.584437
66746	-2.03812	0.665589	1.52573
66746	-2.21551	0.827041	5.00737
66746	-2.18404	0.295303	1.60035
66746	-2.5795	0.306372	0.858542
66746	-2.18671	0.451028	0.57364
66746	-2.23763	0.686369	2.17976e-05
66746	-2.42472	0.730343	1.75667
66746	-2.22656	0.5405	4.15683
66746	-2.29126	0.662666	2.30486e-05
66746	-2.47345	0.595895	3.49143e-05
66746	-2.39685	0.591459	6.00989e-05
66746	-2.45802	0.479255	9.83906e-05
66746	-2.42968	0.478201	9.88967
66746	-2.35697	0.494521	5.15689
66746	-2.36501	0.532289	4.37162
66746	-2.40351	0.548243	4.46418
66746	-2.40111	0.535074	1.88562
66746	-2.40955	0.519875	15.1387
66746	-2.41815	0.528331	1.12981
66746	-2.40853	0.662366	3.08436
66746	-2.37431	0.667676	9.85013
