event	Eta	Phi	pT
113932	-0.953465	5.57855	1.69094
113932	-0.807583	5.07664	1.57238
113932	-0.785313	5.45189	1.3059
113932	-1.04955	5.08198	3.95949
113932	-0.970255	5.31266	0.000220208
113932	-0.924508	5.27252	6.49277
113932	-0.923884	5.2162	2.20752e-05
113932	-0.95787	5.29256	7.47385e-05
113932	-0.967887	5.2013	5.55488
113932	-1.03624	5.21226	1.69628
113932	-1.00911	5.23659	21.8101
113932	-0.95946	5.39419	8.51372
113932	-0.970098	5.34727	6.19593
113932	-1.01656	5.30253	1.84182
113932	-1.04012	5.29315	0.000202486
113932	-1.04037	5.29321	3.72214e-05
113932	-1.04398	5.33701	21.483
