event	Eta	Phi	pT
156956	-1.3091	4.25781	5.7508
156956	-0.896645	3.85842	1.74045
156956	-1.46631	3.79323	2.07207e-05
156956	-1.35008	3.76393	2.55496e-05
156956	-1.22641	4.03813	3.08864
156956	-1.19879	4.03292	2.34909
156956	-1.28905	3.81482	4.15575
156956	-1.28958	3.8519	2.36832
156956	-1.23408	3.98266	1.96522
156956	-1.29023	3.89051	2.32513e-05
156956	-1.16758	3.82911	3.00194
156956	-1.19774	3.83377	0.000114883
156956	-1.19015	3.92354	0.000150575
156956	-1.21919	3.92852	5.18318e-05
156956	-1.21456	3.88637	39.6643
156956	-1.20041	3.9501	3.82154e-05
156956	-1.17821	3.94891	14.3252
