event	Eta	Phi	pT
12382	-0.765647	1.9122	5.4343
12382	-0.544139	1.80424	3.59082
12382	-0.439146	1.44006	1.27877
12382	-0.419963	1.51425	2.2315
12382	-0.636476	1.37519	2.67543
12382	-0.512507	1.52179	2.68821e-05
12382	-0.633927	1.72143	4.00139e-05
12382	-0.696561	1.66728	4.45003e-05
12382	-0.712931	1.66711	5.30063
12382	-0.611553	1.65387	1.09113
12382	-0.73692	1.63709	3.283
12382	-0.63123	1.61949	6.85928
12382	-0.667274	1.62709	0.000117518
12382	-0.738015	1.54466	3.22151
12382	-0.727847	1.51068	2.41519e-05
12382	-0.678314	1.58832	1.95808
12382	-0.625372	1.5671	5.05511e-05
12382	-0.637285	1.57282	1.73538
12382	-0.712374	1.50645	4.41398e-05
12382	-0.660901	1.51991	15.5403
