event	Eta	Phi	pT
138547	0.730975	2.59587	2.21857e-05
138547	0.603499	2.62531	5.00258
138547	0.860037	3.19876	2.86828
138547	0.584065	2.70412	1.12228
138547	0.773445	2.71419	4.43205
138547	0.548228	2.80781	5.71305
138547	0.690001	3.14183	5.07422
138547	0.844037	2.83065	2.11368
138547	0.589534	2.93133	6.85787e-05
138547	0.621119	3.03106	5.01557e-05
138547	0.66105	2.84149	2.06963
138547	0.764972	2.88933	5.96266e-05
138547	0.755262	2.92355	0.000193185
138547	0.724442	2.97665	0.000116204
138547	0.735674	2.94807	25.6727
138547	0.789337	3.00354	4.56521e-05
138547	0.776936	2.9977	5.97818
