event	Eta	Phi	pT
79284	-1.90791	0.218134	0.734681
79284	-1.75564	0.633509	10.9006
79284	-1.60895	0.6372	1.37495
79284	-1.80029	0.460908	7.39367e-05
79284	-1.53675	0.440007	1.08684
79284	-1.66106	0.522734	2.11708e-05
79284	-1.63948	0.474835	1.38415
79284	-1.57857	0.515594	27.4366
79284	-1.70809	0.46553	6.99377e-05
79284	-1.73804	0.442549	11.6965
79284	-1.60217	0.153269	2.00201e-05
79284	-1.64654	0.411608	8.76858e-05
79284	-1.56903	0.430748	0.000112684
79284	-1.57368	0.41445	2.1316
79284	-1.60815	0.414778	0.000264518
79284	-1.58882	0.379617	6.97298e-05
79284	-1.60968	0.388076	0.000183523
79284	-1.59844	0.386	15.2225
79284	-1.52795	0.307149	3.14102
79284	-1.67656	0.236484	3.68551e-05
79284	-1.632	0.273604	32.5798
