event	Eta	Phi	pT
173505	1.55899	0.77177	5.62755
173505	1.67586	0.570607	1.13482
173505	1.26723	0.0800874	2.95406e-05
173505	1.4366	0.716598	2.37864e-05
173505	1.05195	0.465263	1.00401
173505	1.54586	0.474366	3.88146e-05
173505	1.35595	0.676671	1.89466
173505	1.4084	0.631359	1.64151
173505	1.41798	0.635549	3.81294
173505	1.31574	0.631291	3.49588e-05
173505	1.2935	0.632741	4.80569
173505	1.52034	0.410954	2.21315e-05
173505	1.26478	0.586398	1.2819
173505	1.4054	0.544383	1.86866
173505	1.33253	0.263534	6.89351
173505	1.31632	0.435775	5.92362
173505	1.29686	0.439253	0.00011531
173505	1.28797	0.438414	12.8704
173505	1.27916	0.331309	5.15378e-05
173505	1.2708	0.356591	8.35669
