event	Eta	Phi	pT
85633	1.45182	3.06007	1.33914
85633	1.57505	3.05954	5.09688e-05
85633	1.63726	3.15696	1.99706
85633	1.62636	3.14066	3.09068e-05
85633	1.64504	3.11154	12.5444
85633	2.01733	2.79989	3.3686
85633	1.8112	3.02052	2.36609e-05
85633	1.57544	3.01001	9.72316e-05
85633	1.64729	2.97585	5.16538
85633	1.67919	2.50857	3.2092
85633	1.63601	2.94675	9.32016e-05
85633	1.77164	2.89504	4.26642
85633	1.70237	2.89826	3.81397e-05
85633	1.6594	2.62362	7.023e-05
85633	1.66198	2.69139	0.000125471
85633	1.69647	2.70652	21.2518
85633	1.64236	2.75764	0.000114306
85633	1.62716	2.73316	14.9846
