event	Eta	Phi	pT
32246	1.55598	0.00807581	2.21568
32246	1.5555	5.71756	2.61093
32246	1.72207	6.07904	3.74412
32246	1.2395	5.99298	0.984186
32246	1.44975	6.18644	3.9144
32246	1.32295	6.06167	6.64949
32246	1.49772	6.15315	2.64088
32246	1.67888	5.81017	3.19967e-05
32246	1.56086	5.86619	12.1158
32246	1.42531	6.04709	1.525
32246	1.41706	6.01304	5.81748e-05
32246	1.47267	5.89606	3.33822e-05
32246	1.45059	5.92993	1.7288
32246	1.50231	5.93274	6.84148
32246	1.48546	5.96641	0.000118687
32246	1.50721	6.00331	14.1121
