event	Eta	Phi	pT
94768	0.369495	1.67223	2.83763
94768	0.308529	1.6511	2.01714
94768	-0.151343	2.05698	2.183e-05
94768	0.23759	2.1484	10.4088
94768	-0.0260982	1.87902	1.59755
94768	-0.0192114	1.89674	2.12884e-05
94768	0.0345266	1.85239	5.87654
94768	0.110732	1.87102	4.90689
94768	0.14175	1.86868	7.23208
94768	0.0997264	1.90281	0.000150131
94768	0.0969529	1.94261	8.02724e-05
94768	0.194172	1.92715	1.02692
94768	0.142986	1.90882	5.00748
94768	0.152892	1.92233	3.31957
94768	0.153866	1.95011	10.2613
