event	Eta	Phi	pT
113195	-2.39606	4.13046	2.30864
113195	-1.92027	4.51756	2.02985
113195	-2.44011	4.31297	3.01076e-05
113195	-2.2072	4.2496	3.23798
113195	-1.97806	4.26957	1.09463
113195	-2.14208	4.29385	6.07972
113195	-2.13181	4.40178	4.34251e-05
113195	-2.08088	4.40606	5.70708e-05
113195	-2.05667	4.38439	12.5864
113195	-2.42546	4.35498	2.70565
113195	-2.23251	4.49612	1.20949
113195	-2.26158	4.48126	1.23118
113195	-2.26858	4.39035	7.07371e-05
113195	-2.32195	4.43788	11.7535
113195	-2.09126	4.52202	4.70873e-05
113195	-2.0731	4.60187	2.98247e-05
113195	-2.09443	4.55541	2.79419e-05
113195	-2.13764	4.52765	1.29122
113195	-2.1929	4.68697	8.2151e-05
113195	-2.16968	4.68439	4.73181
113195	-2.24021	4.54639	3.45064e-05
113195	-2.27649	4.54368	0.7719
113195	-2.33516	4.59909	0.510472
113195	-2.25726	4.61963	4.47526e-05
113195	-2.26311	4.63129	12.9198
