event	Eta	Phi	pT
37178	-0.692439	0.6234	2.65265e-05
37178	-0.786368	0.746974	9.02639
37178	-0.871799	0.50548	5.38665e-05
37178	-1.2168	0.469706	8.08121
37178	-0.978319	0.563522	4.9372e-05
37178	-1.00358	0.739437	5.57603
37178	-1.12758	0.776621	2.42367e-05
37178	-1.10234	0.748785	11.3545
37178	-1.0523	0.623871	0.000127119
37178	-1.05657	0.635352	1.14162
37178	-1.14091	0.629006	5.70335e-05
37178	-1.10221	0.660973	9.896
37178	-1.08328	0.616238	7.38588
37178	-1.10006	0.636621	7.95942e-05
37178	-1.10784	0.635108	7.86473
37178	-1.10991	0.627106	16.6298
