event	Eta	Phi	pT
41439	1.87002	3.54702	1.54836
41439	1.59481	3.79838	1.9301
41439	1.75083	3.25591	0.815516
41439	1.43874	3.2978	5.02762
41439	1.54285	3.30375	4.54898
41439	1.54729	3.7143	1.22418
41439	1.47196	3.3838	2.77593
41439	1.4498	3.437	1.02371
41439	1.5208	3.65874	2.00676e-05
41439	1.42148	3.54648	3.43555e-05
41439	1.63082	3.52719	5.46266
41439	1.51165	3.62167	2.23339
41439	1.54736	3.61086	1.99093
41439	1.60175	3.51001	2.38465
41439	1.58367	3.47604	1.87151
41439	1.56583	3.56709	0.000103289
41439	1.46444	3.51292	3.75693e-05
41439	1.51711	3.50005	3.19866e-05
41439	1.53478	3.51101	1.86782
41439	1.50905	3.52709	14.6948
41439	1.52614	3.52724	6.98146
