event	Eta	Phi	pT
163528	-0.842118	3.79376	0.920513
163528	-0.998704	4.44101	1.10039
163528	-1.2334	4.25124	2.46397e-05
163528	-1.12571	4.00134	4.24816
163528	-1.14899	4.04472	2.46754e-05
163528	-0.975755	4.27566	9.19107
163528	-1.03793	4.21473	5.22575
163528	-0.998872	4.20579	1.44784
163528	-1.06865	4.08537	6.06512e-05
163528	-0.982749	4.18546	9.0408e-05
163528	-0.943445	4.14656	4.69047
163528	-0.932818	4.1345	5.3422
163528	-0.956321	4.10887	4.74759
163528	-0.991803	4.10411	0.000230754
163528	-0.992908	4.08405	26.6766
