event	Eta	Phi	pT
176658	-1.87526	5.44014	2.31226
176658	-2.14933	5.39258	4.70833
176658	-2.03568	5.33474	13.682
176658	-1.82754	5.21185	3.64979
176658	-1.80771	5.08256	5.55165e-05
176658	-2.08925	4.85624	1.49374
176658	-2.02954	4.8791	1.597
176658	-1.98678	4.90295	9.06292
176658	-1.89661	5.22377	2.73084e-05
176658	-1.9728	5.26003	3.03962e-05
176658	-2.14877	5.08903	10.1007
176658	-2.1118	5.15826	0.000135689
176658	-1.93698	5.09867	0.563124
176658	-1.97924	5.16218	3.07757
176658	-1.96582	5.13834	6.38285e-05
176658	-2.02632	5.0525	3.99367e-05
176658	-2.01385	5.0562	9.41657
176658	-2.02108	5.09099	2.13575
176658	-2.02153	5.09868	15.4167
176658	-2.01088	5.11231	3.71857e-05
176658	-2.00578	5.11632	11.9312
