event	Eta	Phi	pT
2775	2.68161	4.8181	4.22003
2775	2.15573	4.99535	2.48491
2775	2.64628	4.61521	3.25637
2775	2.232	4.96998	0.833532
2775	2.46861	4.90918	2.10036
2775	2.09538	4.84031	2.37693
2775	2.16563	4.84765	1.48765
2775	2.21053	4.88388	4.87203
2775	2.39868	4.86285	3.09816
2775	2.52824	4.74614	4.64248
2775	2.33128	4.85592	0.467113
2775	2.08908	4.79245	3.47678e-05
2775	2.09091	4.77258	1.63716
2775	2.19746	4.7672	1.65887
2775	2.45852	4.65547	2.87769e-05
2775	2.21395	4.68108	4.59743e-05
2775	2.16455	4.6531	4.39033e-05
2775	2.3595	4.5996	2.82752
2775	2.2849	4.43276	13.5468
2775	2.20688	4.60209	3.36689e-05
2775	2.26433	4.56623	6.96023
