event	Eta	Phi	pT
106641	-1.25066	1.02213	3.41628
106641	-1.40542	0.917218	1.3632
106641	-1.47038	1.54628	1.82623
106641	-1.64761	1.4453	5.31166
106641	-1.51513	1.45898	2.98805
106641	-1.28014	1.26454	2.43135e-05
106641	-1.62544	0.969468	2.78563
106641	-1.71031	1.35131	2.45317e-05
106641	-1.74081	1.13348	0.955084
106641	-1.41653	1.04588	2.33368
106641	-1.63859	1.07447	6.12951
106641	-1.42412	1.26656	1.27091
106641	-1.42287	1.22811	2.10037e-05
106641	-1.38812	1.24462	2.81615e-05
106641	-1.39944	1.24549	9.52764
106641	-1.45667	1.17754	0.000105838
106641	-1.56729	1.12339	2.73091e-05
106641	-1.63965	1.26824	4.13019e-05
106641	-1.54068	1.163	2.94369
106641	-1.5662	1.23989	9.75295e-05
106641	-1.56814	1.2332	18.2864
