event	Eta	Phi	pT
11782	-0.67839	4.06993	2.8276e-05
11782	-0.774446	4.04968	3.82725
11782	-1.19056	3.64882	1.79086
11782	-0.87132	4.00186	5.70773e-05
11782	-0.779435	3.91626	3.79752e-05
11782	-0.828886	3.72129	16.4733
11782	-0.997008	3.69148	15.9315
11782	-1.03319	4.03051	5.24714e-05
11782	-1.12599	3.907	2.33096e-05
11782	-0.851706	3.89969	4.81174e-05
11782	-0.921091	3.91836	6.29636
11782	-1.04269	3.95051	3.89552e-05
11782	-0.983104	3.92519	6.58543e-05
11782	-0.993637	3.91147	5.98344
11782	-0.958955	3.84937	4.33659e-05
11782	-1.06036	3.79035	2.53827
11782	-0.978303	3.85669	5.35622e-05
11782	-0.98751	3.83416	1.67336
11782	-1.01634	3.81976	8.33749
