event	Eta	Phi	pT
41560	0.824765	3.38978	1.68761
41560	0.666813	2.70012	1.33289
41560	0.750114	3.20001	3.24582
41560	0.864042	3.12194	10.7825
41560	0.760189	3.12908	10.6984
41560	0.788464	2.85056	7.85417
41560	0.798692	2.89288	5.77481
41560	0.78734	3.07165	2.31976e-05
41560	0.726517	2.95766	7.97516e-05
41560	0.743877	2.96505	6.74452
41560	0.750121	3.0314	1.8674
41560	0.759021	2.99015	5.16054e-05
41560	0.824252	3.00699	0.000144399
41560	0.805283	2.99622	7.8094
41560	0.783687	2.98974	4.84029e-05
41560	0.792703	2.99367	50.6617
