event	Eta	Phi	pT
13136	-0.26603	2.31556	5.75992
13136	0.311821	2.4993	1.86353
13136	-0.298547	2.37737	0.000100553
13136	0.260803	2.65588	1.6156
13136	0.246169	2.61102	2.96085
13136	0.225992	2.52845	3.1896
13136	0.185383	2.46195	7.17618e-05
13136	0.145565	2.52697	5.61617
13136	0.112794	2.48348	8.09058
13136	0.0341014	2.41195	1.77584
13136	-0.246788	2.43416	8.39458e-05
13136	-0.238325	2.47933	11.288
13136	0.123536	2.58601	6.43175e-05
13136	-0.142356	2.50192	2.31003e-05
13136	0.0102051	2.60176	8.98742
13136	-0.157197	2.55195	7.43712e-05
13136	-0.125258	2.62043	4.85917
13136	-0.103532	2.62021	20.1699
