event	Eta	Phi	pT
105302	-0.0934931	3.33989	2.24367e-05
105302	0.142755	3.09077	1.94611
105302	0.107614	3.10055	6.25042
105302	0.0720975	3.13308	4.63569e-05
105302	0.118356	3.24576	6.44326e-05
105302	0.150653	3.21692	7.89238
105302	0.137829	3.28924	3.85459e-05
105302	0.167135	3.55844	3.26742e-05
105302	0.222632	3.28243	3.0376
105302	0.27503	3.32724	10.1244
105302	0.407879	3.37075	5.38683
105302	0.208747	3.39257	7.12706e-05
105302	0.315399	3.37598	1.43184
105302	0.397284	3.46083	2.44308
105302	0.340341	3.44122	7.06514e-05
105302	0.329204	3.48998	9.60293
105302	0.268219	3.49084	6.50928
105302	0.283534	3.49357	5.56672
