event	Eta	Phi	pT
172417	1.85366	5.01762	3.86324
172417	1.59547	4.40525	1.31168
172417	1.89536	4.57382	2.30279
172417	1.55857	4.96811	1.68896
172417	1.76279	4.92365	3.55864e-05
172417	1.62138	4.85898	7.35136e-05
172417	1.6148	4.84249	2.59827
172417	1.63272	4.84016	4.51799
172417	1.70819	4.79187	2.70178e-05
172417	1.60406	4.76323	11.5482
172417	1.56026	4.66761	2.74787e-05
172417	1.58797	4.68663	8.15022
172417	1.66433	4.71592	1.32267
172417	1.65918	4.64346	0.00012693
172417	1.67769	4.62995	16.6072
