event	Eta	Phi	pT
45152	-0.132848	5.16382	3.56446e-05
45152	0.224391	5.14955	7.73803
45152	0.284477	4.68338	3.67185e-05
45152	0.238557	4.94471	3.13423e-05
45152	-0.0643621	4.93686	15.7875
45152	-0.0735149	4.81996	9.29261e-05
45152	0.157801	4.91763	3.67621
45152	0.0322015	4.65843	2.25947
45152	0.132788	4.87585	8.69945e-05
45152	0.0913305	4.88711	5.28003
45152	0.0950934	4.84759	16.2205
45152	0.122361	4.83376	1.0098
45152	0.0926976	4.7716	3.80845e-05
45152	0.0431193	4.76508	28.9911
45152	0.133946	4.78654	4.40645e-05
45152	0.159827	4.77494	2.39991
45152	0.148956	4.73898	4.62734
45152	0.130298	4.73916	12.0731
