event	Eta	Phi	pT
142490	0.296649	5.75892	2.99703
142490	0.0562069	5.66276	8.24567
142490	0.142701	5.69813	2.81502
142490	-0.00010943	5.51624	4.19626
142490	0.11943	5.65105	2.7588
142490	0.0384803	5.53812	9.90026e-05
142490	0.132653	5.48806	5.10981e-05
142490	0.180156	5.30335	2.98381
142490	0.188426	5.31592	5.48976
142490	0.133272	5.44614	2.61843e-05
142490	0.146462	5.38974	3.42698e-05
142490	0.337149	5.31897	2.80458
142490	0.182494	5.51713	0.0001904
142490	0.317786	5.5094	9.64998
142490	0.176186	5.3757	3.36374e-05
142490	0.288008	5.36873	5.12747e-05
142490	0.259293	5.41841	21.7164
