event	Eta	Phi	pT
192284	-2.31647	4.36835	0.606848
192284	-2.00153	4.95456	0.948879
192284	-1.94651	4.8463	1.65156
192284	-2.13237	4.86969	3.3635
192284	-2.07162	4.66016	6.11544
192284	-2.09616	4.7413	2.14717
192284	-2.14672	4.7693	4.77591e-05
192284	-2.14795	4.76034	8.6259e-05
192284	-2.2497	4.79519	15.042
192284	-2.1723	4.75473	3.917e-05
192284	-2.14058	4.67412	0.586601
192284	-2.27564	4.74911	1.22562
192284	-2.17824	4.67187	4.53028e-05
192284	-2.23435	4.71985	4.44409
192284	-2.20753	4.63878	5.98157
192284	-2.26266	4.70364	4.98668e-05
192284	-2.25983	4.65283	20.0395
