event	Eta	Phi	pT
128920	0.326894	2.17194	1.0937
128920	0.448401	2.10082	3.23345
128920	0.562089	2.06789	2.52621e-05
128920	0.365243	2.03975	7.1009
128920	0.447431	2.06297	4.83552
128920	0.607354	2.021	3.9026e-05
128920	0.594924	1.64456	7.51607
128920	0.637097	1.8048	1.86738
128920	0.632908	1.82313	3.80921
128920	0.606582	1.87701	5.52818e-05
128920	0.390604	1.72838	4.83601
128920	0.541975	1.75295	6.20776
128920	0.495097	1.9865	3.85025e-05
128920	0.517313	1.93613	3.02946e-05
128920	0.429632	1.95961	3.04181e-05
128920	0.529315	1.9028	2.36397e-05
128920	0.368563	1.88505	4.92023e-05
128920	0.408067	1.83922	2.15669
128920	0.445802	1.91869	1.26882
128920	0.423738	1.83587	3.2015
128920	0.426438	1.86751	6.42395
128920	0.46776	1.87247	17.8555
