event	Eta	Phi	pT
42549	-0.523827	2.92603	1.62876
42549	-0.748402	2.85202	4.31276
42549	-0.709404	2.88255	14.5293
42549	-0.610569	2.94904	6.37155
42549	-0.637041	2.97611	4.63405
42549	-1.16786	3.21859	3.48853e-05
42549	-0.767818	2.95758	5.46601e-05
42549	-0.70726	2.98853	0.0001392
42549	-0.667813	3.03014	3.55238e-05
42549	-0.707399	3.03147	10.4391
42549	-0.621842	3.13456	0.995714
42549	-0.663726	3.1067	7.21282e-05
42549	-0.665999	3.19294	2.76177
42549	-0.919229	3.48935	6.76559
42549	-0.843915	3.47928	1.4664
42549	-0.688654	3.31107	3.36489
42549	-0.845214	3.18052	5.66808
42549	-0.907883	3.35374	0.000110224
42549	-0.927332	3.3433	7.10138
42549	-0.764127	3.38841	1.51794
42549	-0.840762	3.39168	14.355
42549	-0.743336	3.34465	2.15573e-05
42549	-0.908502	3.31004	2.21501
42549	-0.876583	3.32718	6.18864
42549	-0.855648	3.29315	2.44559
42549	-0.808419	3.33079	0.00014358
42549	-0.793863	3.27021	15.9326
