event	Eta	Phi	pT
46317	0.178648	5.18553	1.88354
46317	0.131048	5.38474	3.15104
46317	0.435918	5.70497	2.7109
46317	0.452271	5.60685	3.95401
46317	0.413196	5.22863	1.71709
46317	0.365956	5.29494	3.16203
46317	0.454426	5.26179	1.22782
46317	0.433977	5.4907	9.45597e-05
46317	0.412739	5.43602	4.98485
46317	0.561261	5.41917	2.92699e-05
46317	0.485058	5.46958	5.4505e-05
46317	0.519319	5.39734	14.3887
46317	0.447949	5.42521	4.46544
46317	0.48971	5.37591	1.36518
46317	0.467217	5.41974	9.84325e-05
46317	0.479062	5.4061	18.7893
