event	Eta	Phi	pT
112242	-0.818505	3.80656	0.907388
112242	-0.90735	4.12952	1.41447
112242	-1.46603	3.97233	1.46646
112242	-0.910884	3.8616	2.14898e-05
112242	-1.39554	4.10335	1.10953
112242	-1.11677	3.71552	2.71186
112242	-1.19533	4.18233	1.86007
112242	-0.98753	4.03521	1.76253
112242	-1.00592	3.86874	2.6001
112242	-1.05672	4.0721	7.39029
112242	-1.1031	3.96656	6.37573e-05
112242	-1.06077	3.92476	3.98227e-05
112242	-1.08156	3.90986	4.66837
112242	-1.15113	3.90475	5.58217
112242	-1.13428	3.85753	14.8349
112242	-1.23207	4.04787	16.2859
112242	-1.19955	3.95357	0.000179123
112242	-1.22665	3.91908	8.971e-05
112242	-1.22041	3.94918	2.63635
112242	-1.26428	3.91889	6.46696e-05
112242	-1.26859	3.94614	17.3778
112242	-1.17404	3.98118	4.56387e-05
112242	-1.18137	3.97012	3.20615
