event	Eta	Phi	pT
39284	1.93049	6.05355	0.950881
39284	1.83769	6.00378	1.10774
39284	1.88695	5.90147	8.25965
39284	2.06514	5.82353	3.12542e-05
39284	2.02943	5.84798	2.17696e-05
39284	2.10057	5.65786	3.58068
39284	1.95067	5.84867	4.05934
39284	1.79964	5.79266	1.07628
39284	1.88587	5.53024	3.78122
39284	1.98812	5.79471	6.08212e-05
39284	1.90205	5.81751	1.25575
39284	1.85747	5.76867	7.47971e-05
39284	1.82013	5.71666	6.96371e-05
39284	1.82743	5.64399	5.70617
39284	1.89534	5.59869	3.96059e-05
39284	1.86094	5.64795	16.0808
39284	1.91242	5.62246	0.855102
39284	1.97699	5.74395	1.19194
39284	1.93255	5.72057	4.927
39284	1.93167	5.72932	8.71971
39284	1.89192	5.67288	1.31017
39284	1.92693	5.70457	0.000108063
39284	1.94382	5.66092	2.45583
39284	1.92088	5.67952	8.34893
39284	1.93417	5.67887	12.8006
