event	Eta	Phi	pT
30397	0.269607	2.74203	0.905741
30397	0.261932	2.7959	2.77251
30397	0.469418	2.97226	3.68003
30397	0.184118	2.95467	2.55567
30397	0.400515	2.99636	19.7089
30397	0.296734	3.31931	2.47029e-05
30397	0.323458	3.26836	1.9664
30397	0.276721	3.24819	13.7
30397	0.315681	3.22573	4.98446e-05
30397	0.350883	3.11911	8.27674e-05
30397	0.262606	3.21638	2.94768
30397	0.295133	3.19907	0.000109492
30397	0.26738	3.11161	7.59609e-05
30397	0.267207	3.13207	2.86737e-05
30397	0.286148	3.15371	33.0796
30397	0.280302	3.13595	14.5912
