event	Eta	Phi	pT
55908	0.621159	1.05307	2.0578
55908	0.563011	1.21988	2.42574e-05
55908	1.09324	1.4816	3.6861
55908	1.01259	1.55204	2.12551e-05
55908	0.988688	1.54472	6.20322
55908	0.994936	1.44881	7.12252e-05
55908	1.02119	1.46141	6.35634
55908	0.687794	1.08204	1.0699
55908	0.917877	1.43806	4.36152
55908	0.775839	1.0225	4.45027e-05
55908	0.92515	1.41159	4.37546e-05
55908	0.890023	1.40399	9.14527e-05
55908	0.990163	1.26196	4.18315e-05
55908	0.802475	1.29206	5.13727e-05
55908	0.868175	1.28038	8.01678e-05
55908	0.875215	1.26011	5.0185e-05
55908	0.873039	1.266	13.9123
55908	0.868227	1.18554	16.6357
55908	0.907474	1.19993	2.43311
