event	Eta	Phi	pT
195558	-1.70625	2.88854	1.56129
195558	-1.69445	2.15241	2.84418e-05
195558	-1.66126	2.23564	1.45481
195558	-1.68255	2.38698	2.66952e-05
195558	-1.70079	2.35666	21.1358
195558	-1.96212	2.53966	0.607537
195558	-1.83609	2.7704	1.56786
195558	-1.86905	2.47116	3.05138
195558	-1.8961	2.572	1.09404
195558	-1.86107	2.49333	1.3866
195558	-1.65879	2.45564	5.75635e-05
195558	-1.66395	2.4563	0.000334092
195558	-1.81538	2.525	2.84889
195558	-1.67549	2.49789	6.84699e-05
195558	-1.80666	2.56722	1.96119
195558	-1.69999	2.71627	5.47701e-05
195558	-1.70904	2.53628	6.67544e-05
195558	-1.71526	2.54329	4.41469e-05
195558	-1.65476	2.60863	3.12638
195558	-1.69196	2.55985	1.01174
195558	-1.70223	2.60824	17.7002
195558	-1.73314	2.62264	6.28104
