event	Eta	Phi	pT
97986	1.96277	5.29291	1.96816
97986	2.04261	5.43258	1.82507
97986	1.91697	5.75071	1.62654
97986	1.89891	5.75598	2.45986
97986	1.60227	5.71823	16.1992
97986	1.841	5.73818	1.3084
97986	1.92538	5.30967	2.71941
97986	1.96217	5.5954	1.35084
97986	1.92831	5.64529	2.09614e-05
97986	1.87022	5.6599	2.72079
97986	1.88276	5.57562	1.09155
97986	1.60481	5.59333	0.000112785
97986	1.66958	5.36318	8.93502
97986	1.78581	5.40513	1.92261
97986	1.77025	5.40566	4.49815e-05
97986	1.76602	5.41207	22.8662
97986	1.86017	5.57703	1.23146
97986	1.68293	5.45738	7.0496
97986	1.66178	5.48704	2.716
97986	1.8006	5.48074	1.117
97986	1.7018	5.50933	5.05207
97986	1.71558	5.52011	2.42373
97986	1.70632	5.53194	4.21816e-05
97986	1.79723	5.60038	0.000165415
97986	1.69928	5.56203	6.67072e-05
97986	1.75085	5.56714	22.9095
97986	1.74734	5.59708	8.39857
