event	Eta	Phi	pT
122287	-0.512649	2.29128	4.07833
122287	-0.91685	2.66102	2.3902e-05
122287	-0.283502	2.4422	4.02661
122287	-0.273833	2.626	3.9923e-05
122287	-0.624392	2.92456	4.30288
122287	-0.580489	2.91338	1.16899
122287	-0.672995	2.56085	2.75147e-05
122287	-0.515481	2.51596	3.98511e-05
122287	-0.611945	2.54499	6.6849
122287	-0.53737	2.54646	1.93116
122287	-0.567878	2.5643	7.05681
122287	-0.462031	2.81879	1.81624
122287	-0.517694	2.63663	0.000136085
122287	-0.467281	2.66482	18.1452
122287	-0.551895	2.61088	1.77095
122287	-0.643665	2.637	0.000100571
122287	-0.588258	2.64151	5.57079
122287	-0.475331	2.76524	1.77342
122287	-0.551401	2.67529	0.000151256
122287	-0.550661	2.75014	9.23627e-05
122287	-0.580579	2.75199	24.5174
