event	Eta	Phi	pT
67780	-1.15769	4.10513	4.02219
67780	-1.37747	3.66827	2.35926e-05
67780	-1.38312	3.89882	2.29435
67780	-1.30239	3.58623	2.59777e-05
67780	-1.36326	3.7474	1.05268
67780	-1.28756	3.67371	9.52353
67780	-1.20478	3.96963	8.10402
67780	-1.21442	3.66572	1.2748
67780	-0.872027	3.9137	4.11274
67780	-1.22764	3.82961	8.7595e-05
67780	-1.19258	3.87593	8.73932e-05
67780	-1.14653	3.89056	3.91245
67780	-0.887347	3.78313	9.96535e-05
67780	-1.05623	3.85706	3.62463
67780	-0.918891	3.73989	3.01762e-05
67780	-1.00342	3.71514	7.26645
67780	-1.00081	3.74198	6.21831
67780	-0.987239	3.76529	2.08967
67780	-1.04848	3.78038	2.48096
67780	-1.02551	3.77412	9.47122
