event	Eta	Phi	pT
156918	-1.90397	4.76893	0.918822
156918	-2.2155	4.98222	2.70865
156918	-2.30005	4.42789	0.64444
156918	-2.19785	4.86647	6.50977
156918	-2.46998	4.7279	1.84805
156918	-2.34067	4.49288	0.870943
156918	-2.21316	4.83944	3.16124e-05
156918	-2.18232	4.66445	4.60947
156918	-2.17059	4.67104	4.9495
156918	-2.3642	4.61581	5.92505
156918	-2.2064	4.71272	2.42611e-05
156918	-2.22445	4.72447	3.97615e-05
156918	-2.28991	4.72184	2.6507
156918	-2.24381	4.66963	5.39834e-05
156918	-2.24988	4.68024	2.05724
156918	-2.32197	4.67715	4.38905e-05
156918	-2.28744	4.69601	6.97302
156918	-2.28244	4.66777	4.99552
156918	-2.28669	4.67838	15.7468
