event	Eta	Phi	pT
190218	-1.29983	1.72534	1.33828
190218	-1.47986	2.35627	4.73502e-05
190218	-1.43943	2.3353	4.11052
190218	-1.32153	2.29882	2.20576e-05
190218	-1.39997	2.24429	7.66657
190218	-1.32224	2.21852	4.1483
190218	-1.5025	2.19413	4.27341
190218	-1.22889	2.05491	2.73075
190218	-1.34395	1.89796	1.59021
190218	-1.3422	2.13913	0.000126775
190218	-1.34105	1.96345	3.34193
190218	-1.43124	2.13084	0.000172138
190218	-1.3492	2.08822	6.16832e-05
190218	-1.40516	2.09771	5.27011e-05
190218	-1.37768	2.05066	12.7706
190218	-1.4001	2.01999	3.09418e-05
190218	-1.43601	2.04282	24.2433
