event	Eta	Phi	pT
76308	-1.20603	1.26988	1.54416
76308	-1.12641	1.10586	4.98384
76308	-0.908557	0.980941	5.57276
76308	-0.904932	1.65554	2.52179
76308	-1.11399	1.29081	4.07052e-05
76308	-1.02003	1.52837	1.45794
76308	-0.939655	1.05758	2.44411
76308	-0.791191	1.55754	4.05808
76308	-0.7067	1.54305	6.55957
76308	-0.846403	1.08873	3.27862
76308	-0.982683	1.3186	3.07472e-05
76308	-0.770505	1.09663	3.74147
76308	-0.923987	1.17946	3.80919
76308	-0.835292	1.45934	4.51497
76308	-0.594117	1.27294	1.95031
76308	-0.655884	1.18152	4.52612e-05
76308	-0.908064	1.30691	4.01035e-05
76308	-0.887202	1.27475	2.91386
76308	-0.85525	1.249	4.2706e-05
76308	-0.824267	1.33743	5.63703e-05
76308	-0.817997	1.33818	8.41457
76308	-0.791417	1.29443	1.13868
76308	-0.756932	1.36353	3.69137e-05
76308	-0.740476	1.23397	4.14782e-05
76308	-0.773823	1.27347	0.000292983
76308	-0.779324	1.29154	3.45917e-05
76308	-0.715685	1.3015	26.1093
