event	Eta	Phi	pT
21286	-1.85502	0.926233	1.0462
21286	-1.48351	0.825469	1.08551
21286	-1.75777	0.242417	1.86339
21286	-1.68132	0.384201	12.6044
21286	-1.90199	0.50478	3.62787
21286	-1.67955	0.793124	5.75876
21286	-1.90681	0.615316	0.553582
21286	-1.90088	0.617735	5.74379e-05
21286	-1.82467	0.471809	2.85214e-05
21286	-1.752	0.70932	5.02027e-05
21286	-1.74999	0.725274	7.53025
21286	-1.82157	0.497234	0.687893
21286	-1.82836	0.584275	0.646719
21286	-1.79079	0.596848	2.49721
21286	-1.771	0.552925	1.26048
21286	-1.75604	0.549894	3.20525e-05
21286	-1.70097	0.597957	0.000177769
21286	-1.68295	0.583659	18.6883
21286	-1.72673	0.584354	4.95519e-05
21286	-1.7469	0.583667	9.83863
