event	Eta	Phi	pT
130407	0.967694	3.74087	1.4635
130407	1.19364	3.93414	2.35754e-05
130407	0.655564	3.87658	2.10761
130407	0.946282	3.80583	1.62561
130407	0.998519	3.82729	4.32886
130407	1.10514	4.00383	5.14628
130407	1.08839	4.01133	2.53437
130407	0.939625	3.99932	8.88396e-05
130407	0.679307	4.05158	6.86433e-05
130407	0.894982	4.02207	6.87926
130407	1.04484	4.27681	2.42204e-05
130407	0.834643	4.391	3.93369
130407	0.823397	4.1225	6.75814
130407	0.834867	4.29338	7.93224e-05
130407	0.802692	4.25845	3.48631
130407	0.81511	4.20743	5.16567
130407	0.842699	4.24214	6.562
130407	0.861369	4.24241	5.71512
