event	Eta	Phi	pT
149988	1.44617	3.57634	1.17588
149988	1.319	3.49736	2.16361e-05
149988	1.27486	3.45432	1.75286
149988	1.29602	3.38503	10.9822
149988	1.38237	3.40794	1.32876
149988	1.20923	3.22256	1.29163
149988	1.28585	3.27666	0.000106422
149988	1.27252	3.28192	4.16948
149988	1.30101	3.30739	2.23484e-05
149988	1.35481	3.15707	8.46667e-05
149988	1.30864	3.08344	15.2732
149988	1.36665	3.334	3.05892
149988	1.33146	3.18972	4.65331e-05
149988	1.50263	3.06519	6.91581e-05
149988	1.41294	3.11077	7.20143
149988	1.4613	3.17719	2.00047
149988	1.51608	3.21376	20.4899
