event	Eta	Phi	pT
47077	-1.27249	6.1488	6.32699
47077	-1.30005	5.69773	7.88373
47077	-1.25676	5.82097	3.17065e-05
47077	-1.23611	5.79514	3.2456e-05
47077	-1.26259	5.77015	8.95778
47077	-1.38122	5.90643	13.1533
47077	-1.1514	5.86907	6.64473
47077	-1.28132	5.90527	3.77629e-05
47077	-1.32021	6.00112	4.1166e-05
47077	-1.26291	5.95544	4.2537e-05
47077	-1.29209	5.96805	5.29798
47077	-1.24541	6.02107	7.41019
47077	-1.22603	6.00288	1.42439
47077	-1.23585	5.89313	9.63712e-05
47077	-1.22892	5.94596	4.03264e-05
47077	-1.20209	5.98269	7.93971e-05
47077	-1.20223	5.95641	9.89945
