event	Eta	Phi	pT
194399	1.04221	4.20505	1.66664
194399	0.926389	4.70673	7.14691
194399	0.942911	4.60412	2.73311
194399	0.939357	4.59008	4.19813e-05
194399	0.858401	4.59025	12.2685
194399	0.801245	4.53771	11.1985
194399	1.01111	4.52584	1.26857
194399	0.905745	4.55982	5.42338e-05
194399	0.808861	4.40366	4.59637e-05
194399	0.835554	4.37473	8.7281e-05
194399	0.837824	4.4926	7.99878e-05
194399	0.847857	4.44943	3.75266
194399	0.889454	4.46749	2.66073
194399	0.874285	4.4848	8.43985
194399	0.879287	4.47707	2.86256
194399	0.945218	4.46738	0.000125273
194399	0.912477	4.46352	2.7032
194399	0.925828	4.46648	3.95322e-05
194399	0.933087	4.42522	21.9399
