event	Eta	Phi	pT
153253	-0.0138314	2.86127	4.32751
153253	-0.00869637	2.50327	2.53943e-05
153253	0.23164	2.87485	9.08779
153253	0.284978	2.47056	3.40753
153253	0.248896	2.76965	3.21591e-05
153253	0.33572	2.5605	4.58931
153253	0.301361	2.56126	0.940205
153253	0.293802	2.6687	3.73528e-05
153253	0.318447	2.60825	9.31243e-05
153253	0.300641	2.62967	29.6411
153253	0.291293	2.71242	4.4836e-05
153253	0.16424	2.58224	2.79334
153253	0.20342	2.72967	5.48577e-05
153253	0.243334	2.69616	0.000240661
153253	0.244753	2.63446	2.8801e-05
153253	0.238389	2.63422	1.11284
153253	0.213069	2.65941	33.9749
