event	Eta	Phi	pT
93770	0.325352	1.55474	3.71194
93770	0.607639	1.65586	1.54152
93770	0.416812	2.22522	5.40503
93770	0.584474	1.77878	5.0714e-05
93770	0.522788	1.97146	2.38933e-05
93770	0.545228	1.98779	15.5683
93770	0.282012	1.67724	4.14485
93770	0.3573	2.06227	2.62393e-05
93770	0.273793	1.70172	3.78778e-05
93770	0.436671	1.97781	4.38478
93770	0.345972	1.84307	3.85716e-05
93770	0.435419	1.90098	4.47595e-05
93770	0.38648	1.85053	3.06198
93770	0.419527	1.81803	0.000107949
93770	0.414846	1.84622	14.3715
93770	0.32988	1.8853	7.84683
93770	0.346146	1.90067	2.94932
93770	0.185341	1.93338	2.58233
93770	0.311979	1.85461	4.14543e-05
93770	0.277567	1.81743	0.919023
93770	0.280419	1.87256	3.20182
93770	0.235295	1.83595	0.000120423
93770	0.21653	1.91527	2.5753e-05
93770	0.231985	1.88211	19.5483
