event	Eta	Phi	pT
34993	-1.12749	4.06012	3.37999
34993	-1.24609	4.001	9.41093
34993	-1.16874	4.17799	6.89591e-05
34993	-1.16919	4.30346	3.82527
34993	-1.21892	4.11489	5.96983e-05
34993	-1.70725	4.33881	7.59077
34993	-1.525	4.03042	3.94511
34993	-1.63399	4.09901	3.11011
34993	-1.52262	4.44042	3.26542
34993	-1.63965	4.18281	1.40731
34993	-1.58631	4.25115	0.000117384
34993	-1.6082	4.30088	20.0464
34993	-1.24479	4.27347	2.23032
34993	-1.2649	4.14882	6.52235e-05
34993	-1.59609	4.21084	4.83695e-05
34993	-1.48263	4.12933	7.15512
34993	-1.46063	4.19063	13.9476
34993	-1.47314	4.25005	0.000167945
34993	-1.46854	4.28005	0.00016074
34993	-1.40026	4.28193	29.6375
