event	Eta	Phi	pT
128810	-2.32984	5.45605	0.516841
128810	-2.23792	5.47957	0.657567
128810	-2.23831	4.7916	2.66584
128810	-2.15136	5.45381	0.458476
128810	-2.01593	4.9403	4.60414
128810	-1.9318	5.06318	3.99696e-05
128810	-2.36318	5.07437	5.18533e-05
128810	-2.35406	5.20583	0.704486
128810	-2.34107	5.06853	0.818253
128810	-2.35311	5.16184	2.5085
128810	-2.21709	4.95934	4.05898e-05
128810	-2.27784	5.05326	1.25056
128810	-2.07557	5.04287	2.11937
128810	-2.09548	5.0141	6.07248e-05
128810	-2.09716	5.02709	6.83465
128810	-2.30276	5.22101	3.753e-05
128810	-2.10648	5.09224	0.000165576
128810	-2.19524	5.11723	4.46961
128810	-2.09455	5.23375	2.68811
128810	-2.15364	5.18464	22.2592
