event	Eta	Phi	pT
177917	1.62306	2.91004	1.03703
177917	1.77383	3.01859	2.58957
177917	1.8585	2.86667	1.38535
177917	1.94054	2.85269	2.65265
177917	1.97365	2.84681	0.562424
177917	1.86825	2.82458	5.9257
177917	1.81355	2.73392	0.84288
177917	1.79749	2.69805	9.89403
177917	1.78797	2.57552	1.85277
177917	2.13293	2.53834	2.1856
177917	2.10637	2.57203	5.23173
177917	1.902	2.75476	8.20572e-05
177917	2.02084	2.61356	5.83661
177917	2.01679	2.63687	9.57722
177917	1.97802	2.68906	2.20542e-05
177917	1.95527	2.5586	5.96442e-05
177917	1.91277	2.68534	4.32007e-05
177917	1.92883	2.66561	7.06178
177917	1.91871	2.614	2.06451
177917	1.94651	2.63678	6.10208e-05
177917	1.94406	2.62048	2.7565
177917	1.95567	2.61406	17.3011
