event	Eta	Phi	pT
143669	0.902143	3.70011	1.3187
143669	0.756101	3.832	5.44052
143669	0.987932	3.76479	1.07156
143669	1.18877	3.80831	2.16559e-05
143669	1.02437	3.78438	3.1408
143669	0.873266	3.84213	2.03861e-05
143669	0.722968	4.06627	1.06603
143669	1.11375	3.82451	4.43717e-05
143669	0.936558	3.93968	3.70801
143669	0.939879	3.97778	2.28028
143669	0.90379	4.0349	3.16589e-05
143669	0.917182	4.24078	1.77801
143669	1.02673	4.2138	10.7369
143669	0.986503	4.15624	6.91822e-05
143669	1.01225	4.10958	7.18112
143669	1.06903	4.15811	3.33985
143669	1.10433	4.1073	2.52354
143669	1.08709	4.07919	11.4015
