event	Eta	Phi	pT
6496	-2.14067	5.54353	0.905368
6496	-2.09077	5.84101	6.24555
6496	-2.04546	5.49275	5.25774
6496	-2.05244	5.65993	3.10597e-05
6496	-1.82849	5.91911	4.62633
6496	-1.99702	5.55409	0.960073
6496	-1.98923	5.65816	4.24559
6496	-1.97591	5.56336	3.65652e-05
6496	-1.81539	5.43231	2.11192e-05
6496	-1.84874	5.57724	1.12556
6496	-1.77947	5.64218	0.000232647
6496	-1.76904	5.708	4.29742e-05
6496	-1.76141	5.69571	17.431
6496	-1.6619	5.7315	5.66275e-05
6496	-1.68467	5.54128	5.94612
6496	-1.71081	5.58541	0.00016117
6496	-1.66757	5.62402	20.4016
