event	Eta	Phi	pT
133871	2.33932	2.15279	4.41196
133871	2.30071	2.06721	2.97696
133871	2.35867	1.77075	2.80647
133871	2.53688	2.12485	0.732506
133871	2.36587	1.93569	2.89456e-05
133871	2.38663	1.90276	2.07302e-05
133871	2.39725	1.93065	32.309
133871	2.61306	1.95568	10.2671
133871	2.49485	2.02746	9.63358e-05
133871	2.4829	2.01026	0.000128495
133871	2.48785	1.88641	1.93152
133871	2.50846	1.90091	4.72221
133871	2.47848	1.97756	6.11144e-05
133871	2.49498	1.98183	8.4464
133871	2.48111	1.96486	1.64296
133871	2.48877	1.94794	7.43114
133871	2.51686	1.9407	15.6533
133871	2.51397	1.95521	7.76297
