event	Eta	Phi	pT
130511	0.262645	4.18664	7.92491
130511	0.331914	3.73629	4.31219
130511	0.444093	3.84497	4.67141
130511	0.500456	3.98843	5.12114e-05
130511	0.337187	4.12181	4.48344e-05
130511	0.33162	4.12384	3.46443
130511	0.41972	4.04138	2.45816e-05
130511	0.380739	3.88038	1.36094
130511	0.390545	3.92421	2.08306e-05
130511	0.404634	3.96305	8.12227
130511	0.408487	3.9825	3.96101
130511	0.224735	4.03861	3.34126
130511	0.344616	3.90451	3.41507e-05
130511	0.312973	4.01918	7.36463e-05
130511	0.338529	3.90357	4.38827e-05
130511	0.279016	3.95048	19.5342
