event	Eta	Phi	pT
185970	-1.04113	5.8451	1.04161
185970	-1.3593	5.30407	4.03432
185970	-1.06309	5.67109	1.48662
185970	-1.32593	5.51115	3.37824e-05
185970	-1.07214	5.67318	2.39354e-05
185970	-1.10361	5.38926	1.63259
185970	-1.06479	5.57344	2.24359
185970	-1.06889	5.59755	20.2862
185970	-1.13892	5.37762	7.7909e-05
185970	-1.1885	5.43251	11.5472
185970	-1.20016	5.44818	1.0841
185970	-1.11564	5.49977	6.39268
185970	-1.17529	5.4749	1.70048
185970	-1.21614	5.52441	2.39411
185970	-1.20713	5.53559	8.79291
185970	-1.15338	5.52332	0.00027249
185970	-1.15519	5.52939	3.04624
185970	-1.1897	5.54275	2.17758
185970	-1.16994	5.53402	5.18481
185970	-1.19071	5.53159	3.12957
185970	-1.17893	5.51942	37.7825
