event	Eta	Phi	pT
153250	-0.326651	1.915	2.65098e-05
153250	-0.178586	1.8711	3.64866e-05
153250	-0.335413	2.11098	2.46427
153250	-0.31853	2.07086	3.46433
153250	-0.303533	2.19623	2.2368
153250	0.0942417	1.95157	2.05255
153250	-0.207729	2.01622	11.3567
153250	0.037855	1.97046	10.9295
153250	-0.0772454	2.33384	5.66076
153250	-0.10598	2.03792	9.1726e-05
153250	-0.10722	2.09679	5.10406
153250	-0.0147649	2.07653	1.72763
153250	-0.0818843	2.12338	3.79143e-05
153250	-0.0558654	2.17234	0.000157077
153250	-0.0531925	2.20947	0.000193829
153250	-0.0565202	2.18589	0.000136902
153250	-0.059361	2.19329	14.0875
153250	0.0166611	2.14278	3.88334e-05
153250	-0.0100524	2.17449	27.072
