event	Eta	Phi	pT
54711	-0.792044	6.13075	3.14445e-05
54711	-0.436833	5.99732	1.86007
54711	-0.77015	5.78617	3.6148
54711	-0.665462	6.05963	15.3111
54711	-0.759693	5.94901	1.8649
54711	-0.657842	5.99047	12.897
54711	-0.684543	5.7779	3.05992e-05
54711	-0.740147	5.84544	1.53169
54711	-0.619981	5.96529	3.91852
54711	-0.622889	5.95134	0.000103899
54711	-0.623106	5.95085	3.04362
54711	-0.690095	5.80473	2.1577
54711	-0.684022	5.86506	2.09519
54711	-0.667623	5.90019	2.97127
54711	-0.66942	5.8717	3.16343
54711	-0.634911	5.90002	2.98233
54711	-0.614228	5.89108	2.30388
54711	-0.606665	5.88732	0.986786
54711	-0.611494	5.85628	6.14175
54711	-0.644876	5.86197	2.79689
54711	-0.632623	5.85105	9.22458
