event	Eta	Phi	pT
143076	-0.197688	1.9133	12.7316
143076	0.0468189	1.86626	0.88158
143076	-0.113556	1.29857	2.68575e-05
143076	0.108945	1.45812	3.32442
143076	-0.221101	1.75147	0.876432
143076	-0.01403	1.49306	2.35962
143076	-0.0475414	1.66998	4.56473
143076	-0.0409663	1.50748	3.17198
143076	-0.0865003	1.486	3.11852e-05
143076	-0.155809	1.46414	4.91741
143076	-0.159687	1.50694	1.92492
143076	-0.143287	1.4952	7.85846
143076	-0.139223	1.68572	2.26746e-05
143076	-0.143739	1.69104	3.20576
143076	-0.209919	1.67358	2.09434
143076	-0.0860089	1.6268	1.5492
143076	-0.188768	1.67692	3.8718e-05
143076	-0.105471	1.62405	1.43358
143076	-0.136809	1.62336	5.34326e-05
143076	-0.173973	1.58598	22.9453
