event	Eta	Phi	pT
198408	-1.44818	4.25046	3.45473
198408	-2.10567	4.36674	0.623469
198408	-1.38789	4.42667	3.95546e-05
198408	-1.59362	4.20157	3.55567
198408	-1.76784	4.19206	2.02588e-05
198408	-1.74341	4.78563	6.51732e-05
198408	-1.97538	4.46086	0.871556
198408	-1.91887	4.38733	4.47418
198408	-1.6056	4.39844	6.62309e-05
198408	-1.57361	4.45664	1.84451
198408	-1.69215	4.40986	3.5976
198408	-1.76665	4.4508	2.60147e-05
198408	-1.70166	4.51509	1.08709
198408	-1.72573	4.51604	3.24444
198408	-1.6968	4.61181	3.23448e-05
198408	-1.80622	4.61617	0.000104273
198408	-1.75861	4.59244	34.0541
198408	-1.72662	4.42339	0.971312
198408	-1.75993	4.41989	8.60141
