event	Eta	Phi	pT
135053	0.785103	0.382932	1.45631
135053	1.05029	0.632897	1.0929
135053	1.1017	0.53973	4.50871
135053	0.963553	0.464907	1.33276
135053	1.10553	0.518648	2.69079
135053	1.15516	6.24728	7.22284e-05
135053	1.34132	0.393503	3.49473
135053	1.04594	0.426274	2.21511e-05
135053	1.00803	0.396288	1.09224
135053	1.15474	0.443752	6.68322e-05
135053	0.994218	0.366066	4.00112
135053	1.34244	0.159918	3.58653e-05
135053	1.06067	0.387521	5.48332e-05
135053	1.08935	0.38793	5.1848e-05
135053	1.0922	0.394246	2.69221
135053	1.09508	0.377243	1.84028
135053	1.06563	0.347536	2.89746e-05
135053	1.05263	0.328765	1.89567
135053	1.0744	0.116579	3.52016
135053	1.16891	0.0806698	3.21968
135053	1.20989	0.111152	9.52891
135053	1.22683	0.156941	6.11435
135053	1.12569	0.156518	6.46187
135053	1.10245	0.191074	7.69558
135053	1.06971	0.272347	4.10216e-05
135053	1.24993	0.230464	6.88712e-05
135053	1.17446	0.22372	16.98
135053	1.21191	0.352269	3.83975
135053	1.17175	0.346183	2.36118
135053	1.13393	0.309282	4.34768e-05
135053	1.16982	0.259517	0.000193895
135053	1.15717	0.31907	1.16042
135053	1.16699	0.291346	19.7088
