event	Eta	Phi	pT
27296	-2.64767	5.31517	1.06204
27296	-2.50165	5.44753	1.40172
27296	-2.22883	5.38625	9.53607
27296	-2.44993	5.38681	3.46172e-05
27296	-2.28651	4.9121	1.5527
27296	-2.34208	5.26644	4.16027
27296	-2.25467	5.18888	0.642043
27296	-2.30921	5.20064	4.10551e-05
27296	-2.31978	5.14625	5.24762
27296	-2.33024	5.05119	3.02791
27296	-2.327	5.12504	7.5754
27296	-2.36077	5.14657	2.46996
27296	-2.35867	5.13744	2.80082e-05
27296	-2.42693	5.10244	10.3048
27296	-2.38651	5.08764	17.7401
27296	-2.37715	5.1004	5.23248
