event	Eta	Phi	pT
941	-0.10632	0.0182024	1.11456
941	-0.0307528	5.6889	2.42362
941	0.202487	6.19661	4.55112e-05
941	0.25807	6.05785	4.70555
941	0.0394671	6.17442	4.70494
941	0.0773318	5.76877	2.90295
941	0.0757082	5.8134	4.9957
941	0.0321215	5.82922	1.16546
941	-0.0695262	6.02557	10.1691
941	0.0109667	6.05824	4.26468
941	-0.0153784	6.03062	0.0001055
941	-0.0323731	5.89547	0.986958
941	-0.00549847	5.88546	3.51076e-05
941	0.0380807	5.89027	2.82052
941	-0.00840944	6.00411	1.64365
941	0.0832221	6.00748	5.74972e-05
941	0.0863368	5.94547	6.41853e-05
941	-0.00172101	5.96164	7.85719e-05
941	0.0137763	5.95569	1.10544
941	0.0502983	5.97229	9.48576
941	0.031646	5.94906	5.18463e-05
941	0.0345464	5.93788	3.85114
