event	Eta	Phi	pT
164094	1.01806	6.16327	1.85375
164094	1.10954	6.04155	3.98455
164094	0.640574	5.91772	3.59529
164094	0.675081	5.76617	6.17586e-05
164094	0.774948	5.89376	7.41917e-05
164094	0.796787	5.92752	11.1493
164094	0.989482	5.93032	3.21985
164094	0.764355	5.79375	3.68124
164094	1.01619	5.88879	2.67672e-05
164094	1.11124	5.77688	2.24417e-05
164094	1.08862	5.78787	3.99342
164094	0.821658	5.77625	2.93508
164094	0.820946	5.72673	5.30357
164094	0.878712	5.80961	0.000102854
164094	0.845403	5.74324	5.79783
164094	0.867701	5.76846	8.20162e-05
164094	0.985738	5.7522	4.23238e-05
164094	0.940174	5.77554	1.06952
164094	0.929361	5.74315	0.000139758
164094	0.94484	5.74218	14.6519
164094	0.942856	5.65024	3.75707
164094	1.00155	5.68331	18.4266
