event	Eta	Phi	pT
38146	2.45427	4.53108	3.49323
38146	2.1936	4.74243	0.610917
38146	2.24296	4.18864	1.9638
38146	2.0079	4.18939	3.77513e-05
38146	1.90125	4.43241	4.87389
38146	1.92152	4.36484	2.30022e-05
38146	2.02973	4.27249	3.83887
38146	2.21167	4.2459	4.17561e-05
38146	2.18183	4.28427	3.59814e-05
38146	2.16323	4.33771	4.8544
38146	2.16661	4.39919	0.000102783
38146	2.29847	4.44095	6.62893e-05
38146	2.21625	4.48186	21.0837
38146	2.10508	4.34788	6.87518e-05
38146	2.14129	4.40004	6.18974e-05
38146	2.07728	4.43372	16.6647
