event	Eta	Phi	pT
134575	-1.79038	2.78342	4.16071
134575	-1.32245	2.33274	1.56214
134575	-1.79305	2.50691	3.08028e-05
134575	-1.61486	2.33665	1.47738
134575	-1.62275	2.60475	3.05361e-05
134575	-1.64697	2.57756	1.38652
134575	-1.63961	2.56665	3.8022e-05
134575	-1.6459	2.55478	4.6723e-05
134575	-1.65392	2.56479	10.8614
134575	-1.67668	2.51909	2.21425
134575	-1.67512	2.50284	8.22851e-05
134575	-1.61396	2.42397	9.31371
134575	-1.53407	2.58158	5.98997e-05
134575	-1.49613	2.47817	7.74919
134575	-1.6453	2.47268	0.000131351
134575	-1.61734	2.53027	4.1016
134575	-1.56887	2.48549	14.6906
134575	-1.53937	2.53344	2.24762
