event	Eta	Phi	pT
197945	0.100744	0.303589	4.775
197945	0.0639414	0.256554	6.50447
197945	0.109829	0.0620503	2.95934e-05
197945	0.0573184	6.21148	1.25033
197945	0.145443	0.021688	2.91142
197945	0.0720209	6.22987	1.17466
197945	0.11907	0.000540114	5.20513
197945	0.108172	6.25166	13.4198
197945	0.0257155	0.195751	2.53213
197945	0.115044	0.0701611	5.52178e-05
197945	0.0382387	0.0266816	5.01194e-05
197945	0.030087	0.0175116	8.33906
197945	-0.0607029	0.0566441	2.25584e-05
197945	0.0564184	0.0969506	8.16571e-05
197945	0.0191085	0.113425	0.000176416
197945	0.0141452	0.104382	7.82591e-05
197945	0.00448205	0.0970042	23.4475
