event	Eta	Phi	pT
70366	-0.645713	2.14095	5.24677e-05
70366	-0.664956	2.00165	9.05808
70366	-1.01093	1.57217	2.6407e-05
70366	-0.886119	1.65228	2.24442
70366	-0.960847	1.70406	2.89584
70366	-0.874212	1.81895	2.33024
70366	-0.892857	1.8308	5.61513
70366	-0.865785	1.92227	2.3001e-05
70366	-1.05985	1.87698	1.4308
70366	-0.987487	1.82256	2.62568
70366	-1.01856	1.85656	7.75621
70366	-1.08036	1.99299	6.96063
70366	-0.966619	1.9217	4.01748e-05
70366	-0.961365	1.97356	5.8722e-05
70366	-0.983897	1.99117	14.4645
