event	Eta	Phi	pT
57491	-2.65666	5.89312	3.60591
57491	-2.302	6.09536	4.56641
57491	-2.44191	6.0529	0.561616
57491	-2.59521	5.85247	4.74583
57491	-2.50059	5.60848	6.86872
57491	-2.38346	6.04454	3.07026
57491	-2.46499	5.89643	3.75003
57491	-2.27511	5.89885	1.84925
57491	-2.23876	5.93836	2.36061e-05
57491	-2.23508	5.92248	3.25215
57491	-2.22836	5.90332	7.51342
57491	-2.21133	5.89714	3.01402
57491	-2.16225	5.50554	0.780125
57491	-2.3179	5.74628	5.18584
57491	-2.22874	5.58851	2.01859
57491	-2.22246	5.63476	3.46762
57491	-2.31451	5.64581	6.69052e-05
57491	-2.28286	5.67572	9.35115
