event	Eta	Phi	pT
199310	0.177583	1.67924	0.897855
199310	0.130331	1.7496	0.864302
199310	0.487733	2.13767	1.14226
199310	0.456985	1.75883	2.42727e-05
199310	0.534133	1.83882	1.58532
199310	0.350927	1.88784	18.2979
199310	0.447827	1.83623	6.76465e-05
199310	0.411203	1.85467	3.43693
199310	0.428605	1.86858	1.84886
199310	0.427651	1.88042	0.000228912
199310	0.436146	1.87849	2.11561
199310	0.451188	1.88834	0.00010063
199310	0.443073	1.91788	8.31412
199310	0.444392	1.95424	2.85084
199310	0.449576	1.95111	10.4156
