event	Eta	Phi	pT
49375	-2.24404	4.03931	0.761241
49375	-2.04838	3.9862	10.3785
49375	-2.48379	3.66531	2.85565e-05
49375	-2.05751	3.39633	3.47607
49375	-2.34181	3.50999	2.10173e-05
49375	-2.39001	3.60203	6.16889
49375	-2.21516	3.93007	2.18498
49375	-2.28225	3.7669	2.0886e-05
49375	-2.30546	3.73886	5.66115
49375	-2.26007	3.56734	0.609308
49375	-2.16549	3.86491	2.93391e-05
49375	-2.15913	3.59133	9.46554e-05
49375	-2.07431	3.77334	4.44491
49375	-2.17417	3.64938	6.09927e-05
49375	-2.14463	3.595	5.85452e-05
49375	-2.06344	3.65889	18.7013
