event	Eta	Phi	pT
186861	-0.132209	5.7787	1.61843
186861	0.280846	6.17589	3.24261
186861	0.00533816	6.038	3.09765e-05
186861	0.00781836	5.84517	2.9805
186861	0.174641	5.72151	10.4309
186861	0.363801	6.03772	3.12643
186861	0.356976	5.96219	2.66743
186861	0.352516	5.89611	2.55526
186861	0.27515	5.86883	1.309
186861	0.233324	5.84199	6.90293e-05
186861	0.244768	5.84699	8.94738e-05
186861	0.268144	5.82731	7.4758
186861	0.299902	5.91149	1.74933
186861	0.254858	5.8976	2.45093
186861	0.286488	5.95172	3.52097e-05
186861	0.231613	5.937	2.34203
186861	0.174658	5.96617	0.925347
186861	0.198596	5.97811	10.2988
