event	Eta	Phi	pT
173206	-0.326586	2.32074	3.8679
173206	-0.756372	2.41204	2.009
173206	-0.640236	2.37655	4.37649
173206	-0.406818	2.50049	2.29572
173206	-0.712639	2.67768	0.888199
173206	-0.3589	2.54899	2.68745
173206	-0.266578	2.70273	2.13268e-05
173206	-0.442711	2.9058	4.19011
173206	-0.436245	2.71407	6.07958e-05
173206	-0.538696	2.69776	1.54994
173206	-0.470236	2.67303	2.15556
173206	-0.506264	2.63564	10.8331
173206	-0.594307	2.77154	1.2315
173206	-0.497326	2.76218	2.78981e-05
173206	-0.499356	2.74796	7.0063
173206	-0.511497	2.79515	7.75014e-05
173206	-0.452521	2.7575	0.00012855
173206	-0.463253	2.8011	9.64171
