event	Eta	Phi	pT
29965	2.5708	6.24032	0.922296
29965	2.27212	0.0107885	1.79677
29965	2.59992	0.0641546	4.58379
29965	2.15223	0.340455	0.682979
29965	2.29922	0.056087	2.01233
29965	2.39424	0.0314379	5.35158
29965	2.38843	0.518499	3.65539
29965	2.60328	0.412161	1.93202
29965	2.39511	0.0550781	3.90113e-05
29965	2.40384	0.091391	0.657906
29965	2.25517	0.19931	3.51571e-05
29965	2.50823	0.234855	3.59876
29965	2.48498	0.241758	0.000393653
29965	2.48596	0.269031	4.34551
29965	2.36681	0.207309	2.0111e-05
29965	2.44566	0.261898	0.000243243
29965	2.39654	0.278283	51.6215
