event	Eta	Phi	pT
132576	0.872102	2.52522	5.3081
132576	1.11948	2.1332	15.3132
132576	0.95149	1.94283	5.00361
132576	0.704309	2.03051	9.53145
132576	0.865407	2.05256	8.53271
132576	0.722252	2.27669	2.40103
132576	0.788108	2.18513	6.34521e-05
132576	0.775555	2.15182	8.45349e-05
132576	0.785762	2.14784	10.8764
132576	1.0881	2.25338	4.72764e-05
132576	0.945395	2.42085	7.17984e-05
132576	1.01511	2.34272	1.94791
132576	1.0037	2.28802	2.94228
132576	0.981957	2.28491	3.53594
132576	0.943631	2.21319	3.25725e-05
132576	0.839034	2.20827	8.86001e-05
132576	0.859105	2.22739	0.000152233
132576	0.89359	2.27593	1.53169
132576	0.869219	2.28272	21.0853
132576	0.980069	2.24656	2.14597
132576	0.966625	2.24108	3.17057
