event	Eta	Phi	pT
69856	-1.14131	1.65011	2.14747e-05
69856	-0.832364	1.86313	6.82932
69856	-0.862075	1.79457	4.30245
69856	-0.872897	1.75447	0.9815
69856	-0.859413	1.71624	11.5571
69856	-0.863294	1.63975	9.4824
69856	-0.798224	1.5945	3.22045e-05
69856	-0.714227	1.59399	44.0379
69856	-0.831589	1.63301	4.35426e-05
69856	-0.765673	1.61318	2.83616
69856	-0.800722	1.74875	2.32703
69856	-0.805949	1.74096	7.94475e-05
69856	-0.801716	1.6806	0.00010425
69856	-0.77236	1.6559	0.000201296
69856	-0.738533	1.65297	2.64257
69856	-0.778781	1.68709	8.39977
69856	-0.743168	1.66678	9.83132
69856	-0.768582	1.69498	15.1751
69856	-0.752545	1.73049	3.4194e-05
69856	-0.741998	1.72662	18.1779
69856	-0.716732	1.67849	2.72665
69856	-0.728312	1.70331	8.54622
69856	-0.738813	1.69724	41.6568
