event	Eta	Phi	pT
148463	-1.26765	0.796884	1.41169
148463	-1.31653	0.67239	5.05654
148463	-1.24703	0.633478	1.84111
148463	-1.28657	0.630763	7.00523
148463	-1.47427	0.516362	1.93552
148463	-1.36131	0.536907	0.000111909
148463	-1.37061	0.54241	14.8324
148463	-1.30748	0.535513	7.86662e-05
148463	-1.30929	0.499246	9.64159e-05
148463	-1.30973	0.461744	5.27819e-05
148463	-1.36411	0.422108	9.11116e-05
148463	-1.37932	0.430475	16.5625
148463	-1.36656	0.337282	6.11519
148463	-1.34472	0.355929	8.63005
148463	-1.32581	0.371595	3.96504
148463	-1.34503	0.376426	9.10054e-05
148463	-1.35396	0.383523	6.75383
148463	-1.35318	0.39748	5.00002
148463	-1.33159	0.398259	12.0679
