event	Eta	Phi	pT
14692	-1.08991	0.103025	2.56363
14692	-1.2953	0.572507	1.18008
14692	-1.18621	0.23539	1.59666
14692	-1.00799	0.178176	4.55233e-05
14692	-1.0344	0.652044	3.93681
14692	-1.05616	0.501171	4.28162
14692	-1.11729	0.50413	12.1741
14692	-0.876268	0.587856	4.80437
14692	-1.08515	0.325066	6.59448e-05
14692	-0.849395	0.518278	6.37157e-05
14692	-0.783836	0.429495	1.65794
14692	-0.834496	0.359658	4.8222
14692	-0.99034	0.396186	3.67797e-05
14692	-0.942348	0.340701	12.4789
14692	-0.97594	0.42094	2.81143
14692	-0.861908	0.386313	1.66615
14692	-0.899206	0.376724	5.22474e-05
14692	-0.884473	0.419387	2.63824
14692	-0.898226	0.415433	7.14609e-05
14692	-0.895898	0.404989	7.37375
14692	-0.929149	0.439547	7.12839e-05
14692	-0.928886	0.451453	2.06225
14692	-0.941933	0.459318	3.97757
