event	Eta	Phi	pT
68691	2.20013	0.915786	1.23916
68691	2.53301	0.52875	3.72625
68691	2.47571	0.480001	1.55488
68691	2.02969	0.665856	3.88946
68691	2.0646	0.742943	0.570369
68691	2.09687	0.696358	3.40359
68691	2.17646	0.606232	4.39728e-05
68691	2.1844	0.639898	16.7638
68691	2.0003	0.423445	1.2635
68691	2.16637	0.301812	0.84641
68691	2.11255	0.52023	4.23374e-05
68691	2.15236	0.397535	1.67896
68691	2.25747	0.434079	3.93789
68691	2.17967	0.41912	3.29443
68691	2.22763	0.448069	3.96939e-05
68691	2.21428	0.443211	1.01407
68691	2.22698	0.464505	1.93093
68691	2.19921	0.476347	11.5771
