event	Eta	Phi	pT
130987	-0.0161655	3.14155	2.68437
130987	0.4851	3.12129	2.4476
130987	-0.00471327	3.45289	2.17417e-05
130987	0.180249	3.14726	2.43943e-05
130987	0.401818	3.18181	2.65036e-05
130987	0.369574	3.18291	2.80463
130987	0.245458	3.28091	5.2789e-05
130987	0.195284	3.20261	3.48149
130987	0.214951	3.2279	1.63458
130987	0.213365	3.23283	8.86345
130987	0.156334	3.2854	6.23985e-05
130987	0.160094	3.42028	6.20207
130987	0.232088	3.49542	2.04675e-05
130987	0.206661	3.40713	4.46896
130987	0.265545	3.42659	10.3573
130987	0.246732	3.36836	8.22885e-05
130987	0.265135	3.32704	7.18941e-05
130987	0.337412	3.28919	0.000123329
130987	0.338755	3.33587	21.0666
