event	Eta	Phi	pT
184449	0.151756	3.532	6.73179
184449	0.607474	3.49159	2.00919e-05
184449	0.159959	3.76451	3.45499e-05
184449	0.188903	3.62708	3.34386e-05
184449	0.604414	3.63351	2.89964
184449	0.589811	3.62222	4.36946
184449	0.393064	3.64107	10.6455
184449	0.387136	3.59885	1.26974
184449	0.38677	3.60919	17.1147
184449	0.501712	3.65339	5.14019
184449	0.599496	3.80804	5.0067e-05
184449	0.447664	3.95028	4.85333
184449	0.358813	3.90473	1.13409
184449	0.48889	3.83573	5.15952e-05
184449	0.508435	3.86387	16.7293
184449	0.418837	3.87163	2.11623
184449	0.362159	3.82749	2.74701
184449	0.49874	3.77409	0.000102278
184449	0.486241	3.74789	7.16931e-05
184449	0.376992	3.71735	6.42965e-05
184449	0.453805	3.72041	5.40403e-05
184449	0.438575	3.71135	3.22482e-05
184449	0.445143	3.72047	3.68689e-05
184449	0.417533	3.77986	5.87106e-05
184449	0.418786	3.76852	5.52513
184449	0.402595	3.7543	4.27134e-05
184449	0.413276	3.76095	0.000109272
184449	0.426088	3.7528	0.000180978
184449	0.421136	3.74577	23.6714
