event	Eta	Phi	pT
18243	2.18297	6.23372	0.901807
18243	2.53217	0.526882	1.67771
18243	2.33057	0.0988966	0.985027
18243	2.19134	0.560224	0.820702
18243	2.37175	0.152812	2.85761e-05
18243	2.37379	0.214656	2.36557
18243	2.09067	0.383173	3.24671
18243	2.26104	0.229162	15.5671
18243	2.15241	0.336322	2.64498e-05
18243	2.16606	0.312616	6.93322e-05
18243	2.15231	0.307994	14.6436
18243	2.20004	0.268874	1.35291
18243	2.1831	0.440142	3.7193e-05
18243	2.14334	0.389175	2.41144
18243	2.16902	0.379563	13.6632
18243	2.20639	0.359451	1.32706
18243	2.2067	0.364617	8.29511e-05
18243	2.26874	0.353716	4.74691e-05
18243	2.28534	0.358017	32.9764
