event	Eta	Phi	pT
197061	-0.530461	0.825286	2.32533e-05
197061	-0.584778	0.833812	6.77751
197061	-0.423919	0.724332	1.99438
197061	-0.659091	0.707238	6.31212
197061	-0.567524	0.673732	4.17664e-05
197061	-0.531211	0.576659	2.1508
197061	-0.621402	0.541715	7.15138
197061	-0.679624	0.559215	4.18224e-05
197061	-0.679805	0.462758	9.97894e-05
197061	-0.723229	0.474922	10.8906
197061	-0.618545	0.45265	5.39302e-05
197061	-0.701034	0.378567	9.27273e-05
197061	-0.725631	0.333726	12.9773
197061	-0.629949	0.340037	3.09341
197061	-0.619175	0.326775	3.14053
