event	Eta	Phi	pT
89618	-1.19415	1.25566	10.9183
89618	-1.15476	1.34748	8.91571
89618	-1.18522	1.41568	4.62228
89618	-1.33717	1.53691	11.743
89618	-1.08865	1.58484	2.70387e-05
89618	-1.19826	1.51882	8.859e-05
89618	-1.27388	1.56626	4.66968
89618	-1.18064	1.52269	3.54394e-05
89618	-1.19751	1.52917	4.51962e-05
89618	-1.21128	1.55284	6.78975e-05
89618	-1.22934	1.56301	6.34088
89618	-1.18208	1.54934	7.68028e-05
89618	-1.16733	1.55243	3.78468e-05
89618	-1.15148	1.55981	2.55427e-05
89618	-1.14548	1.56451	3.71227e-05
89618	-1.17169	1.55479	0.000159584
89618	-1.18682	1.55634	2.31568e-05
89618	-1.23297	1.58256	7.76997
89618	-1.21161	1.5966	10.5688
89618	-1.19442	1.60448	10.2354
89618	-1.21994	1.64778	1.4222
89618	-1.20349	1.66776	6.70301
89618	-1.15659	1.61964	3.27701
89618	-1.15621	1.65237	29.6541
