event	Eta	Phi	pT
46602	0.830295	0.664074	3.88222
46602	0.408154	0.365944	2.4215e-05
46602	0.684851	0.609468	5.07481
46602	0.921597	0.459083	6.273e-05
46602	0.879758	0.268341	4.20694
46602	0.820132	0.494643	5.244e-05
46602	0.801552	0.234809	2.61586
46602	0.834425	0.407323	3.67307e-05
46602	0.737589	0.446723	4.33206
46602	0.747088	0.395966	1.85744
46602	0.586961	0.418644	1.86055
46602	0.661477	0.383217	1.32344
46602	0.617086	0.32461	0.000191607
46602	0.656404	0.329731	17.5318
46602	0.651907	0.351622	20.26
