event	Eta	Phi	pT
33154	-1.01234	1.06871	4.85252e-05
33154	-1.55124	1.49029	0.966126
33154	-1.23006	1.08393	4.18303e-05
33154	-1.07857	1.14182	7.21644
33154	-1.36624	1.19817	5.82072e-05
33154	-1.22191	1.15809	4.92854
33154	-1.11201	1.20737	0.934658
33154	-1.19269	1.20501	4.5426
33154	-1.21694	1.24308	2.36105
33154	-1.24088	1.25288	4.22605
33154	-1.42095	1.39415	1.35393
33154	-1.28436	1.31889	4.80543e-05
33154	-1.30629	1.34369	8.74976
33154	-1.42623	1.6896	2.15131e-05
33154	-1.04263	1.72338	2.41183
33154	-1.15681	1.43297	3.46727
33154	-1.17473	1.66768	7.62998
33154	-1.23416	1.52961	6.71816
33154	-1.13404	1.56816	6.03635e-05
33154	-1.17821	1.59165	6.907e-05
33154	-1.18933	1.57358	17.1608
