event	Eta	Phi	pT
132946	1.5529	2.53724	3.3848e-05
132946	1.53556	2.55493	2.13673
132946	1.50081	2.42241	5.23007e-05
132946	1.40476	2.58164	3.53601
132946	1.13564	2.21433	6.15668
132946	1.41219	2.47197	5.8678e-05
132946	1.25153	2.23153	4.47111
132946	1.32309	2.32268	4.48322
132946	1.2096	2.28479	4.831e-05
132946	1.23984	2.29807	1.95173
132946	1.33956	2.43437	6.09278e-05
132946	1.18215	2.5265	5.6873
132946	1.19371	2.34511	5.09147e-05
132946	1.2856	2.46329	3.18189e-05
132946	1.2359	2.39218	2.9675
132946	1.20474	2.4405	7.61329
132946	1.22287	2.42022	11.3924
