event	Eta	Phi	pT
131253	-1.78282	4.10412	2.79193e-05
131253	-1.72507	4.70364	6.70393
131253	-1.76259	4.67635	5.55656
131253	-1.88219	4.49809	1.26138
131253	-1.86101	4.36474	1.31507
131253	-1.80032	4.39004	21.5474
131253	-1.77349	4.48646	2.73925e-05
131253	-1.68772	4.54728	1.4566
131253	-1.75495	4.40077	0.000156112
131253	-1.72983	4.49229	7.14611
131253	-1.66065	4.35438	4.89125
131253	-1.72063	4.40994	2.49485e-05
131253	-1.6965	4.5017	4.27827e-05
131253	-1.65998	4.51269	1.79312
131253	-1.63208	4.39321	10.1957
131253	-1.69874	4.40438	5.10617e-05
131253	-1.70151	4.41933	7.63489e-05
131253	-1.66182	4.44575	39.1897
131253	-1.64025	4.4691	9.03561
