event	Eta	Phi	pT
155000	-1.568	4.86766	0.000110284
155000	-1.69165	4.86583	5.1818
155000	-1.63599	4.77282	11.2856
155000	-1.76049	4.74788	2.56294e-05
155000	-1.71901	4.71112	4.71306e-05
155000	-1.85595	4.39746	3.55776e-05
155000	-1.83482	4.54038	2.5453
155000	-1.82582	4.40436	1.59365
155000	-1.66869	4.6065	3.66326
155000	-1.78147	4.38943	1.98355
155000	-1.67269	4.40914	16.1965
155000	-1.71826	4.53272	0.000176256
155000	-1.71482	4.48418	3.73384
155000	-1.65463	4.46736	1.42782
155000	-1.64932	4.48944	15.0002
