event	Eta	Phi	pT
45032	2.55839	5.30434	2.96674
45032	2.59517	5.42415	0.590009
45032	2.23947	5.49479	9.89368
45032	2.44344	5.47399	5.53151
45032	2.58491	5.75539	5.28149
45032	2.57275	5.63253	8.60025
45032	2.50678	5.85419	1.53142
45032	2.40323	5.84915	7.20873
45032	2.27525	5.53964	3.58441e-05
45032	2.20324	5.68378	6.23663
45032	2.48837	5.7352	3.03582e-05
45032	2.41934	5.76143	4.20092e-05
45032	2.45548	5.65133	6.32399e-05
45032	2.29472	5.61109	0.000140796
45032	2.43291	5.6345	5.24534e-05
45032	2.38995	5.61943	5.43612e-05
45032	2.33817	5.73408	6.16806e-05
45032	2.3726	5.65695	3.8953e-05
45032	2.36206	5.67846	40.0192
