event	Eta	Phi	pT
149471	-0.292578	5.73603	2.16532e-05
149471	-0.462423	5.78502	4.0874
149471	-0.585508	5.75773	1.04465
149471	-0.686682	5.7355	8.53972
149471	-0.46374	5.63564	4.28189e-05
149471	-0.450871	5.24462	1.52644
149471	-0.486044	5.59866	4.40311e-05
149471	-0.472591	5.51837	2.66512e-05
149471	-0.466704	5.48619	4.12691
149471	-0.786859	5.40742	1.11466
149471	-0.775833	5.35988	0.934341
149471	-0.529459	5.33626	3.69131
149471	-0.56066	5.48661	0.908811
149471	-0.541904	5.43919	1.33898
149471	-0.654912	5.50154	3.07048
149471	-0.612736	5.49259	4.2038e-05
149471	-0.610022	5.44765	2.31091
149471	-0.604123	5.41618	4.73427
149471	-0.645823	5.41485	1.37775
149471	-0.643837	5.40677	9.67028
149471	-0.638507	5.40297	9.58294
