event	Eta	Phi	pT
67465	1.18396	0.411837	1.33698
67465	1.55315	0.355147	11.7823
67465	1.72364	0.792747	1.28042
67465	1.37116	0.924329	1.81136
67465	1.47684	0.915221	5.91728
67465	1.43068	0.894997	2.11146e-05
67465	1.40292	0.449237	5.80572
67465	1.57191	0.663928	2.5809
67465	1.39397	0.805103	3.05627
67465	1.47432	0.524051	1.58047
67465	1.36804	0.745008	0.000118328
67465	1.40444	0.753999	6.34509e-05
67465	1.41925	0.737951	2.3442
67465	1.44331	0.720091	9.0195
67465	1.42794	0.701665	2.09514
67465	1.49366	0.612522	0.977099
67465	1.36356	0.524037	1.91611
67465	1.40365	0.565033	5.24095e-05
67465	1.34737	0.588797	5.43226
67465	1.41405	0.672585	4.65514e-05
67465	1.39572	0.632886	2.58534e-05
67465	1.3886	0.617923	9.90424
67465	1.3712	0.651356	6.83348e-05
67465	1.40399	0.645249	3.39892e-05
67465	1.39363	0.648755	8.71429
