event	Eta	Phi	pT
31311	-0.0169441	2.82282	2.71546e-05
31311	-0.439354	3.24447	1.39334
31311	-0.601394	3.14354	2.78995
31311	-0.525515	3.14369	1.56924
31311	-0.306451	2.65273	3.26767e-05
31311	-0.547787	2.87991	2.13154e-05
31311	-0.386687	3.00963	6.42747
31311	-0.32031	2.88562	2.12665
31311	-0.357333	2.82197	18.0587
31311	-0.381685	2.89201	6.55045e-05
31311	-0.405724	2.854	1.34064
31311	-0.405802	2.86008	0.000149302
31311	-0.414314	2.86292	0.000133802
31311	-0.432617	2.86941	0.000122574
31311	-0.430007	2.86538	11.1909
31311	-0.400953	2.89208	11.2403
31311	-0.426294	2.89085	17.6288
