event	Eta	Phi	pT
48019	-1.80827	3.71177	1.84685
48019	-1.82373	3.23762	4.6352
48019	-1.67891	3.62563	7.83743
48019	-1.48912	3.62786	2.50515
48019	-1.79166	3.4992	2.87242e-05
48019	-1.51369	3.56365	6.45247
48019	-1.4083	3.25558	2.11768e-05
48019	-1.54809	3.50684	2.45362
48019	-1.5141	3.47573	5.07157e-05
48019	-1.48977	3.45253	4.76333e-05
48019	-1.47768	3.4298	5.85733e-05
48019	-1.54668	3.37611	0.000111329
48019	-1.49535	3.31545	14.6646
48019	-1.54561	3.40769	5.80526
48019	-1.77308	3.38292	2.89033e-05
48019	-1.682	3.26476	8.50442
48019	-1.63051	3.37221	0.000134265
48019	-1.63905	3.35234	15.3957
