event	Eta	Phi	pT
25536	1.7109	3.78291	1.05316
25536	1.68207	3.89887	3.57955
25536	2.16816	4.06653	4.21782
25536	2.05684	4.37356	2.52094
25536	2.10007	4.01937	0.00010756
25536	1.65338	4.09144	4.05671e-05
25536	1.7731	4.11597	9.99066e-05
25536	1.76733	3.95937	2.54945
25536	1.78151	4.0299	8.9367
25536	1.9851	4.29475	4.69305
25536	1.87353	4.28914	2.08297
25536	1.80897	4.23714	10.2107
25536	2.04258	4.11901	2.609
25536	1.97986	4.05078	5.92103e-05
25536	1.97397	4.07003	0.993399
25536	1.94365	4.16203	0.608152
25536	1.86938	4.11217	1.46839
25536	1.87522	4.10731	7.31758e-05
25536	1.89905	4.13172	9.89699
