event	Eta	Phi	pT
149374	-1.84976	2.05911	1.73412
149374	-1.87333	2.82974	0.82801
149374	-1.7757	2.71182	1.81488
149374	-2.05061	2.49928	2.04229
149374	-2.02994	2.50256	0.803833
149374	-1.75982	2.60455	3.73698
149374	-1.73087	2.39794	2.71148
149374	-1.85087	2.34995	16.8122
149374	-1.76437	2.40964	5.33745
149374	-1.80046	2.40999	2.74299e-05
149374	-1.7961	2.46911	0.695711
149374	-1.92513	2.47261	3.7689e-05
149374	-1.88219	2.51944	0.000149147
149374	-1.89979	2.47716	5.84259e-05
149374	-1.86083	2.47491	37.2888
