event	Eta	Phi	pT
106509	-0.167031	0.812243	2.21915e-05
106509	0.115155	0.798471	7.80674
106509	0.14726	0.741203	4.15509
106509	0.192528	0.699311	6.03142
106509	0.221826	0.648448	4.32571
106509	0.241672	0.587407	4.75163e-05
106509	0.219706	0.607563	1.4362
106509	0.158649	0.672662	5.93e-05
106509	0.209094	0.601897	9.03954e-05
106509	0.201263	0.514578	1.44736
106509	0.186948	0.567653	3.75725
106509	0.117719	0.480736	7.87794
106509	0.156408	0.601164	5.71573e-05
106509	0.139325	0.616863	4.89794e-05
106509	0.127886	0.572291	1.53811
106509	0.0865137	0.607969	0.000215186
106509	0.0274629	0.583189	19.2761
