event	Eta	Phi	pT
63633	-0.222373	5.14152	1.81351
63633	-0.248372	5.15457	5.92677
63633	-0.12076	5.12371	1.47938
63633	-0.229205	5.07934	1.2926
63633	-0.296153	4.9664	1.909
63633	-0.210459	5.01852	1.18498
63633	-0.109475	5.04044	1.47287
63633	-0.105192	5.0155	2.8666
63633	-0.084656	4.96547	5.14033
63633	-0.0520307	4.97386	3.59157
63633	-0.125605	4.96574	2.85006e-05
63633	-0.174926	4.88011	2.49811e-05
63633	-0.165677	4.90963	10.8515
63633	-0.203166	4.79883	4.31416
63633	-0.200659	4.79723	9.30386
63633	-0.097561	4.8334	9.60426e-05
63633	-0.113823	4.83756	7.27925
