event	Eta	Phi	pT
3080	-2.61413	3.32324	5.72572
3080	-2.26748	3.94226	0.559125
3080	-2.11472	3.7026	0.609814
3080	-2.35367	3.43705	0.900286
3080	-2.41125	3.46789	4.45063
3080	-2.62113	3.62222	4.42349
3080	-2.34868	3.79212	6.03063
3080	-2.49738	3.57799	6.08027
3080	-2.51122	3.59619	1.38793
3080	-2.3818	3.73493	2.20675
3080	-2.38426	3.74302	3.88481
3080	-2.37145	3.59822	6.55765e-05
3080	-2.42603	3.73572	0.717388
3080	-2.42251	3.60975	4.16474e-05
3080	-2.42854	3.66393	1.11926
3080	-2.43897	3.65523	17.0264
