event	Eta	Phi	pT
109821	0.398183	5.41545	9.85185e-05
109821	0.310085	5.37213	2.16784
109821	0.403462	5.48444	4.33752
109821	0.224046	6.07727	2.9942
109821	0.41709	5.95413	4.05645
109821	0.310795	5.4832	15.0977
109821	0.381467	5.56424	4.46562
109821	0.334266	5.98959	2.78381
109821	-0.176192	5.8068	0.985705
109821	0.0477563	5.4807	2.08512e-05
109821	0.292614	5.5309	5.55063e-05
109821	0.201348	5.49611	2.73605
109821	0.104411	5.48926	3.32692e-05
109821	0.258394	5.53082	6.39048e-05
109821	0.202618	5.57741	3.46394e-05
109821	0.256421	5.61517	10.3647
109821	0.0790041	5.86732	40.564
109821	0.193178	5.61382	2.28716e-05
109821	0.114214	5.60799	2.5761
109821	0.15824	5.84227	2.45049
109821	0.197934	5.78552	3.06095e-05
109821	0.0563809	5.69639	1.70473
109821	0.137911	5.71426	27.0829
109821	0.114979	5.74244	39.7092
