event	Eta	Phi	pT
156356	-1.68837	0.64998	4.62947e-05
156356	-1.8418	0.616589	0.671375
156356	-1.67618	0.614954	4.12215e-05
156356	-1.84377	0.533233	1.81634
156356	-1.62341	0.315024	1.83563
156356	-1.70353	0.359464	4.42318e-05
156356	-1.70119	0.323672	7.44727
156356	-1.77393	0.217736	16.0308
156356	-1.66033	0.208663	9.94506e-05
156356	-1.74346	0.287651	0.000145726
156356	-1.72634	0.281255	0.00037692
156356	-1.7362	0.263629	3.24381
156356	-1.71327	0.272389	31.0443
156356	-1.72938	0.261876	0.000114578
156356	-1.70746	0.241583	70.2991
