event	Eta	Phi	pT
5502	1.71118	1.05967	3.22069
5502	1.82133	1.74738	0.712782
5502	1.77015	1.21446	8.00962
5502	1.82729	1.51042	1.58969
5502	1.68053	1.68518	1.173
5502	1.80021	1.36997	1.27253
5502	1.62841	1.24814	1.44114
5502	1.75507	1.44017	4.06086
5502	1.57875	1.62857	6.52949
5502	1.56177	1.32856	3.45337e-05
5502	1.63521	1.48677	9.36917e-05
5502	1.57875	1.51797	8.38058
5502	1.63582	1.41165	3.63592e-05
5502	1.56083	1.49729	8.60521
5502	1.57035	1.47868	1.95269
5502	1.59141	1.45346	0.000151745
5502	1.58358	1.42402	8.61242
5502	1.58471	1.42281	12.6137
5502	1.54317	1.44913	3.04179
5502	1.54309	1.41924	9.58325
5502	1.55438	1.42932	26.1719
5502	1.56686	1.437	9.50951
