event	Eta	Phi	pT
80175	0.462193	3.51113	1.68767
80175	0.706702	2.90058	2.44088
80175	0.721427	3.39699	7.32742
80175	0.509527	3.32706	0.932205
80175	0.583108	3.33223	7.61983
80175	0.575156	3.31207	4.25722e-05
80175	0.565066	3.24326	10.496
80175	0.820669	3.16048	1.79801
80175	0.592182	3.24996	8.22858e-05
80175	0.65826	3.27212	0.984473
80175	0.758707	3.21394	5.66491e-05
80175	0.768118	3.16226	4.98303
80175	0.761764	3.18084	2.9208
80175	0.756443	3.12514	12.5864
80175	0.688915	3.25888	9.02691e-05
80175	0.754519	3.1691	0.00017077
80175	0.752563	3.16955	1.69607
80175	0.740937	3.17934	7.14567
80175	0.563796	3.18134	6.05734
80175	0.731535	3.15198	1.49765
80175	0.578164	3.17304	8.00262e-05
80175	0.702409	3.16082	4.33644e-05
80175	0.620128	3.18128	0.000196888
80175	0.669933	3.13083	4.80478
80175	0.649209	3.13967	0.975268
80175	0.637323	3.16024	7.50169e-05
80175	0.646605	3.15762	43.0573
