event	Eta	Phi	pT
77737	-2.09663	4.54072	9.40307
77737	-1.94745	4.32123	5.23874e-05
77737	-2.03603	4.40468	5.33993e-05
77737	-2.06453	4.35906	1.30772
77737	-2.04173	4.3537	5.58236
77737	-2.11892	4.3786	2.01947e-05
77737	-2.30743	4.26275	1.25595
77737	-2.2726	4.35606	15.038
77737	-2.2682	4.02036	6.16021e-05
77737	-2.25494	3.99462	7.61346
77737	-2.22354	4.22952	1.3183
77737	-2.33357	4.21338	1.58252
77737	-2.3688	4.16842	0.99706
77737	-2.28748	4.17165	0.000112917
77737	-2.28483	4.13187	5.71118
77737	-2.27436	4.12914	9.07131
77737	-2.13027	4.36279	3.53098e-05
77737	-2.11866	4.26824	11.3355
