event	Eta	Phi	pT
147213	0.556462	1.64559	2.21729
147213	0.504362	1.94722	4.51095
147213	0.430055	2.00894	3.17193
147213	0.249881	2.0187	7.09595
147213	0.297414	1.61267	9.21243
147213	0.431821	1.67609	2.44108e-05
147213	0.412558	1.69961	2.19153e-05
147213	0.368461	1.69748	1.14401
147213	0.376869	1.71628	11.7989
147213	0.396469	1.74742	4.43641e-05
147213	0.338959	1.72221	4.87434e-05
147213	0.386759	1.90433	1.08073
147213	0.218846	1.79698	3.29365e-05
147213	0.32533	1.77697	8.91342e-05
147213	0.360056	1.81759	3.25929
147213	0.325937	1.86567	12.0358
147213	0.311062	1.80314	2.01876
147213	0.293062	1.82968	30.0715
