event	Eta	Phi	pT
49349	0.390692	1.06363	4.15022
49349	0.652503	1.72944	2.21245e-05
49349	0.372193	1.18334	1.28693
49349	0.776588	1.20318	3.42761e-05
49349	0.34843	1.27573	0.84521
49349	0.354259	1.30588	2.51172e-05
49349	0.632635	1.20274	13.0202
49349	0.545099	1.20995	2.03781
49349	0.765289	1.41199	6.36839
49349	0.553002	1.253	3.36842e-05
49349	0.646549	1.28234	2.80445
49349	0.655224	1.31499	5.22457e-05
49349	0.660136	1.32858	1.28615
49349	0.529373	1.30386	2.23741
49349	0.670032	1.39555	5.28293
49349	0.493295	1.33866	3.89289
49349	0.536332	1.53564	14.4551
49349	0.493055	1.49041	3.57768
49349	0.609316	1.45752	2.65887
49349	0.57192	1.38453	7.18701e-05
49349	0.573957	1.4001	0.000106319
49349	0.567279	1.41953	3.19559e-05
49349	0.553457	1.42475	22.659
