event	Eta	Phi	pT
153426	0.768547	6.25566	2.45842
153426	0.529062	0.469692	5.57704
153426	0.558137	0.464789	5.36347
153426	0.499379	0.37317	6.2163e-05
153426	0.630536	0.368853	1.02417
153426	0.585316	0.372	3.37836e-05
153426	0.736701	0.102653	4.42752e-05
153426	0.747521	0.202849	3.08065e-05
153426	0.72711	0.202588	6.22302
153426	0.537153	0.0432914	3.67587
153426	0.525819	0.334474	4.04826e-05
153426	0.491652	0.319538	2.55742
153426	0.524016	0.298879	4.64003e-05
153426	0.479578	0.247029	6.58298
153426	0.588099	0.165461	1.42004
153426	0.553246	0.132367	12.0937
153426	0.607219	0.165899	0.000155625
153426	0.573709	0.240082	7.84506e-05
153426	0.60533	0.225534	14.6034
