event	Eta	Phi	pT
139257	-0.646879	0.249986	1.43651
139257	-0.289694	0.0202757	1.14653
139257	-0.523603	0.211528	7.4897
139257	-0.315742	6.2441	1.64588
139257	-0.767181	0.133979	5.13319
139257	-0.770559	0.0731214	2.70595
139257	-0.586913	0.0498609	3.11205e-05
139257	-0.580171	0.0461497	4.56185e-05
139257	-0.768058	6.2595	6.61942e-05
139257	-0.634299	0.00159993	9.52175e-05
139257	-0.660413	6.28207	4.20951
139257	-0.686651	0.00811044	11.3503
139257	-0.569713	6.24074	6.13355e-05
139257	-0.547071	6.24209	2.84215e-05
139257	-0.553594	6.25113	4.63578
139257	-0.469923	6.18841	7.43532
139257	-0.795792	6.11351	1.26488
139257	-0.536181	6.22348	6.49171e-05
139257	-0.603671	6.22612	3.09008e-05
139257	-0.573848	6.16136	12.2092
139257	-0.656129	6.16055	2.43224
139257	-0.526469	6.09139	5.12839e-05
139257	-0.709531	6.0823	2.87857
139257	-0.746233	6.02219	2.14936
139257	-0.654361	6.04664	3.87424
139257	-0.569466	5.94779	6.32231
139257	-0.626758	5.96582	4.98826
139257	-0.694981	5.89025	1.79434
139257	-0.623103	5.94172	5.96254e-05
139257	-0.619907	5.93422	9.46534e-05
139257	-0.651184	5.91661	8.46762
