event	Eta	Phi	pT
185644	0.939061	0.166055	1.55316
185644	1.06217	0.129356	1.98181
185644	1.0176	0.103866	1.06291
185644	0.884371	5.8344	2.1611
185644	0.783166	5.99699	6.37802
185644	0.823085	6.229	2.87729e-05
185644	1.12161	6.21189	3.88606e-05
185644	1.05817	5.99805	4.45523
185644	0.86959	6.02451	3.81191e-05
185644	0.865929	6.11467	1.89985
185644	0.900293	6.17555	3.64296e-05
185644	0.912359	6.18769	11.4395
185644	1.05912	6.16645	3.96801e-05
185644	0.947924	6.0685	0.000127718
185644	0.964256	6.1336	0.000159803
185644	0.99861	6.10634	29.4899
