event	Eta	Phi	pT
93093	-2.02433	4.0972	1.92121
93093	-1.69744	4.47586	1.28169
93093	-1.81642	4.28586	2.84604
93093	-1.95467	4.21077	3.30244e-05
93093	-1.80859	4.48054	3.45824e-05
93093	-1.83132	4.51722	0.863901
93093	-2.18974	4.30344	0.707626
93093	-2.11291	4.27901	1.7776
93093	-2.0001	4.30497	9.43866
93093	-1.84958	4.53683	0.661622
93093	-1.91282	4.45466	5.44065e-05
93093	-1.90731	4.43831	6.87516
93093	-1.93512	4.61888	2.18753e-05
93093	-1.97078	4.65323	0.789197
93093	-1.95173	4.4611	1.91091
93093	-2.00506	4.39483	9.98969e-05
93093	-2.28074	4.59802	2.55434e-05
93093	-1.9685	4.55899	1.19268
93093	-2.17954	4.46522	5.28623
93093	-2.10023	4.48196	4.01473
93093	-2.04084	4.52815	1.00187
93093	-2.14475	4.52633	4.82885
93093	-2.11748	4.53772	2.51965
93093	-2.15295	4.57614	5.03805e-05
93093	-2.10421	4.59837	10.5876
