event	Eta	Phi	pT
98271	-1.64317	0.125267	2.84323
98271	-1.49249	0.472402	2.53337
98271	-1.63563	0.289076	1.69532
98271	-1.50207	0.366897	1.89372
98271	-1.45535	0.383339	3.55424e-05
98271	-1.3541	0.367396	6.32942
98271	-1.42551	0.360608	7.08991
98271	-1.47274	0.340935	2.22598
98271	-1.51727	0.299973	3.59914
98271	-1.42278	0.0978374	12.3774
98271	-1.34043	0.229827	15.818
98271	-1.38446	0.248243	0.000124087
98271	-1.38549	0.225499	4.36689e-05
98271	-1.39248	0.181084	0.000243388
98271	-1.40191	0.188273	0.000221899
98271	-1.4353	0.249618	4.89967e-05
98271	-1.44246	0.210606	26.8839
