event	Eta	Phi	pT
99025	0.742099	1.0688	2.7786
99025	0.696445	0.942433	9.12926
99025	0.880714	0.582541	5.2304e-05
99025	0.778254	0.558042	5.88283
99025	0.645891	0.829989	1.89677
99025	0.876267	0.707879	4.74867
99025	0.750512	0.644903	10.4983
99025	0.755592	0.701875	29.0808
99025	0.80669	0.779427	13.1911
99025	0.742427	0.760865	0.000249319
99025	0.720214	0.82831	3.35457e-05
99025	0.750159	0.842144	1.02962
99025	0.739744	0.778569	6.87086e-05
99025	0.729565	0.803304	2.33222
99025	0.750307	0.785268	8.39333e-05
99025	0.74784	0.78776	0.00034385
99025	0.755626	0.785833	2.55519e-05
99025	0.758421	0.805864	21.1751
