event	Eta	Phi	pT
164580	1.02325	5.71931	7.4772
164580	1.21576	5.16828	2.02315
164580	1.26665	5.757	5.45241e-05
164580	1.01415	5.39897	2.78535e-05
164580	1.18236	5.66438	4.70351
164580	1.29747	5.62276	5.28485
164580	1.05754	5.54703	4.07111
164580	1.25588	5.47246	0.000142262
164580	1.25853	5.53331	8.76462e-05
164580	1.28559	5.51358	24.7458
164580	1.19799	5.55165	7.77834e-05
164580	1.15367	5.54274	8.36256e-05
164580	1.10126	5.51783	1.26468
164580	1.20256	5.53225	0.000193823
164580	1.14729	5.32691	8.01234
164580	1.1607	5.50291	2.4053e-05
164580	1.18485	5.49181	7.70951e-05
164580	1.18973	5.41559	31.9194
