event	Eta	Phi	pT
167246	-0.740538	5.35196	2.73184
167246	-0.0558493	5.5921	2.17573
167246	-0.486886	5.25446	3.49135
167246	-0.560783	5.33044	1.73699
167246	-0.519817	5.33816	3.59377
167246	-0.557681	5.40594	0.000152094
167246	-0.515642	5.45465	6.09643e-05
167246	-0.542874	5.47645	8.38956
167246	-0.471234	5.45081	4.04071e-05
167246	-0.474164	5.42693	6.47416
167246	-0.367349	5.43973	2.56869e-05
167246	-0.492002	5.60929	4.07729
167246	-0.380562	5.51136	2.50662
167246	-0.296824	5.82449	1.64119
167246	-0.378304	5.64755	3.49454
167246	-0.368283	5.61526	1.19586
167246	-0.207331	5.69267	1.38097
167246	-0.281214	5.66279	1.68626
167246	-0.262416	5.66048	13.9683
