event	Eta	Phi	pT
60824	0.231665	3.68304	2.51544e-05
60824	0.0266327	3.7475	2.3454e-05
60824	0.0890365	4.15797	2.63384e-05
60824	0.190674	4.10907	3.53856
60824	0.18967	4.08786	3.02561
60824	0.0488461	3.80295	2.52601
60824	0.0394715	3.84476	5.26833
60824	0.0111828	3.88021	2.77344
60824	0.0388475	3.86085	3.0069
60824	0.206631	3.98493	3.97916e-05
60824	0.0997411	4.05659	4.50847e-05
60824	0.0178235	3.93551	5.21296e-05
60824	0.108542	3.89376	3.59893
60824	0.104272	3.93125	4.55885
60824	0.104043	3.97237	34.0203
