event	Eta	Phi	pT
119139	2.20698	4.63976	0.545248
119139	1.91419	4.7955	0.879395
119139	1.96859	4.691	1.3646
119139	1.84699	4.44738	0.000104761
119139	1.80207	4.58726	1.99651
119139	1.86411	4.57747	1.6768
119139	1.89118	4.50355	0.000120338
119139	1.89224	4.51839	1.32575
119139	1.89192	4.54021	6.31855
119139	1.86131	4.52424	1.04559
119139	1.86857	4.54374	9.50036
119139	2.01305	4.16009	0.864476
119139	1.8453	4.13991	1.01504
119139	1.94002	4.29314	4.32254
119139	1.90464	4.36562	0.852065
119139	1.90285	4.3754	6.18018
119139	1.77824	4.26758	0.911415
119139	1.84174	4.31712	11.9771
