event	Eta	Phi	pT
99569	-0.515532	3.27408	2.80785e-05
99569	-0.429296	3.11971	3.37106
99569	-0.251987	3.53646	2.64129
99569	-0.423428	3.30863	4.02467e-05
99569	-0.419745	3.31651	2.92455e-05
99569	-0.21872	3.12501	3.80477
99569	-0.361832	3.38629	3.50982
99569	-0.10045	3.36525	0.931097
99569	-0.181357	3.31663	3.83621e-05
99569	-0.199428	3.30513	1.13546
99569	-0.223659	3.27486	0.000103135
99569	-0.198164	3.25394	21.4003
99569	-0.273194	3.4322	1.65804
99569	-0.221127	3.41184	4.48475e-05
99569	-0.199897	3.3458	6.03513
99569	-0.255934	3.34134	0.000227235
99569	-0.225404	3.38687	1.01209
99569	-0.224012	3.35291	5.02415
99569	-0.242314	3.36602	9.162
