event	Eta	Phi	pT
26146	0.977612	3.91144	1.57151
26146	0.916681	3.96396	3.06824
26146	0.942995	4.36227	0.936131
26146	1.01295	4.30501	6.80218
26146	0.921369	4.28131	3.20338
26146	0.941321	4.23169	4.70558
26146	0.965953	4.04603	4.45984e-05
26146	0.967218	4.16848	6.6536e-05
26146	0.88897	4.19081	3.27274e-05
26146	0.914245	4.0736	3.84896
26146	0.872259	4.14378	5.73765
26146	0.893825	4.12317	6.9307
26146	0.914194	4.11545	3.26263
26146	0.915378	4.13127	7.08206e-05
26146	0.944347	4.12317	5.61177e-05
26146	0.93311	4.13314	10.4706
