event	Eta	Phi	pT
43618	-0.554274	0.839387	2.23527
43618	-0.353353	0.882169	3.59793
43618	-0.327706	0.816939	1.67445
43618	-0.28553	0.718454	7.19815e-05
43618	-0.433902	0.380498	5.82256e-05
43618	-0.365035	0.360656	5.35106
43618	-0.443323	0.502277	5.76253
43618	-0.245555	0.371677	0.93139
43618	-0.263739	0.440948	15.1551
43618	-0.343097	0.702393	2.85173e-05
43618	-0.302859	0.644791	6.0716
43618	-0.278339	0.605876	5.74886e-05
43618	-0.250565	0.524882	2.23198
43618	-0.286651	0.593996	5.07882e-05
43618	-0.286681	0.577579	6.96912e-05
43618	-0.287061	0.556662	16.8321
