event	Eta	Phi	pT
170968	-1.85999	4.89025	0.766523
170968	-1.86249	4.89626	1.11087
170968	-2.36085	5.2761	2.34837
170968	-2.2777	4.72684	6.15426
170968	-2.01135	5.22651	0.614839
170968	-2.38226	4.88148	0.734556
170968	-2.22942	5.20713	1.93988
170968	-2.19867	5.16491	2.35024
170968	-2.31799	4.92416	2.07296
170968	-2.25896	5.12098	2.39276
170968	-2.27029	4.93339	4.69455e-05
170968	-2.27171	4.99035	1.30087
170968	-2.25555	5.04327	8.51491e-05
170968	-2.19931	5.05501	1.50223
170968	-2.20189	5.02689	8.00767e-05
170968	-2.20199	5.02668	3.26093e-05
170968	-2.17049	4.9485	7.00424e-05
170968	-2.17839	5.02906	1.68956
170968	-2.14772	4.99007	11.7611
170968	-2.19904	4.98705	8.59286
170968	-2.17866	5.00194	8.48176e-05
170968	-2.18115	4.99166	20.4289
