event	Eta	Phi	pT
36417	-1.90239	5.97245	1.27748
36417	-1.75703	5.98793	1.00477
36417	-1.73495	5.45611	0.852358
36417	-1.67531	5.93514	3.8932
36417	-1.93424	5.61979	0.712904
36417	-1.81603	5.54115	5.58774
36417	-1.60506	5.84612	2.10952
36417	-1.68803	5.85687	3.83026
36417	-1.73534	5.57254	2.01234e-05
36417	-1.81189	5.68372	0.000120732
36417	-1.80269	5.64675	20.7327
36417	-1.81154	5.75615	6.50319
36417	-1.69497	5.8238	3.43479
36417	-1.74376	5.79902	2.72847
36417	-1.65131	5.65627	5.16745e-05
36417	-1.65043	5.76992	5.70469e-05
36417	-1.65698	5.75589	1.92064
36417	-1.66618	5.71921	17.3954
36417	-1.75935	5.78504	6.01939e-05
36417	-1.72994	5.775	1.73633
36417	-1.71246	5.75198	6.9093e-05
36417	-1.73105	5.71293	10.0636
36417	-1.75285	5.71747	2.01843e-05
36417	-1.74421	5.712	12.2727
