event	Eta	Phi	pT
99647	-0.572546	0.60423	1.23759
99647	-1.00038	0.98082	1.56023
99647	-0.937082	0.909431	3.03717e-05
99647	-0.904626	0.857749	1.83144
99647	-0.937358	0.419428	3.77863
99647	-0.965883	0.469575	2.40603
99647	-0.934723	0.488219	4.75719
99647	-0.972004	0.494805	2.6418
99647	-0.908877	0.571502	4.31909e-05
99647	-0.941549	0.730707	3.71595e-05
99647	-0.872136	0.630635	3.65836e-05
99647	-0.959949	0.727318	2.80815e-05
99647	-0.881618	0.674555	0.000157125
99647	-0.981175	0.665879	2.04247e-05
99647	-0.950613	0.671489	8.44616
99647	-0.950417	0.652593	7.49497
99647	-0.953078	0.636162	20.9256
