event	Eta	Phi	pT
59550	0.986143	2.3304	1.13523
59550	0.684393	2.39479	3.50652
59550	0.737023	2.36651	4.72025
59550	0.910923	2.3615	3.73291
59550	0.883615	2.40064	2.46593e-05
59550	0.930907	2.46284	8.76157
59550	0.935848	2.53765	2.6238e-05
59550	0.906628	2.53468	7.00728
59550	0.798104	2.56785	5.94661
59550	0.877365	2.56689	4.62204e-05
59550	0.778468	2.61185	1.84339
59550	0.749052	2.66978	2.38845
59550	0.781048	2.66175	4.75281
59550	0.760926	2.71556	1.38233
59550	0.883575	2.64915	2.45021e-05
59550	0.817226	2.92975	3.60902e-05
59550	0.929002	2.66258	8.3364e-05
59550	0.89509	2.67609	3.90621e-05
59550	0.922219	2.76981	12.2048
59550	0.920656	2.84236	21.4139
