event	Eta	Phi	pT
151057	1.67209	1.97514	9.01792
151057	2.0599	2.54386	3.21097
151057	2.05471	2.50307	1.00265
151057	1.92253	2.4893	4.01849
151057	2.27067	2.15924	3.49039
151057	2.04506	1.86026	1.82173
151057	2.14126	2.33759	0.725242
151057	2.00177	1.9435	3.44556
151057	1.90067	2.41329	2.7559e-05
151057	2.08706	2.30263	2.25871
151057	2.04434	2.32776	1.47311
151057	2.04271	2.28731	2.68544
151057	1.72154	2.10347	0.000124884
151057	1.9962	2.28329	3.14092e-05
151057	2.04605	2.2255	0.577344
151057	1.97687	2.2787	1.791
151057	2.064	2.11969	3.52234e-05
151057	1.99174	2.18633	4.57128
151057	1.86111	2.16337	4.81652e-05
151057	1.86657	2.16262	1.23698
151057	1.87654	2.06045	1.19231
151057	1.85679	2.07294	6.68484e-05
151057	1.85746	2.09365	2.19718
151057	1.87643	2.11316	10.0643
