event	Eta	Phi	pT
157329	1.53707	5.90818	1.07571
157329	1.66704	5.86069	3.28187e-05
157329	1.92236	5.90766	1.15197
157329	1.56894	6.11802	5.4136
157329	1.60061	6.08386	5.61206
157329	1.6205	6.1216	1.88785
157329	1.79385	0.0337997	10.2902
157329	1.82829	6.12994	0.00020477
157329	1.81655	6.1493	10.6822
157329	1.80018	6.24273	4.12707e-05
157329	1.81306	6.17556	6.42469
157329	1.81219	6.17862	4.66979
157329	1.7975	6.2003	1.53665
157329	1.82826	6.18096	0.000245505
157329	1.8147	6.21042	22.0001
157329	1.82621	6.21453	1.5644
157329	1.8274	6.19865	36.1548
