event	Eta	Phi	pT
121452	-1.23102	1.82802	1.58879
121452	-1.05931	1.77988	1.68858
121452	-1.56023	1.41938	1.82959
121452	-1.19815	1.77527	1.14969
121452	-1.07969	1.74962	1.0089
121452	-0.92271	1.60226	2.28465
121452	-1.33964	1.65454	7.64153
121452	-1.41948	1.56294	0.935229
121452	-1.24159	1.15505	2.96365
121452	-1.38845	1.29209	1.24762
121452	-1.36333	1.25161	1.75599
121452	-1.29163	1.55971	2.92751e-05
121452	-1.26675	1.56651	3.24412e-05
121452	-1.24967	1.57202	1.91365
121452	-1.00822	1.31075	1.05548
121452	-1.34393	1.38854	3.53853e-05
121452	-1.20571	1.52797	1.75769
121452	-1.11428	1.52	2.13403
121452	-1.17031	1.52117	3.07747
121452	-1.12169	1.49448	2.26885
121452	-1.03235	1.39319	1.57338
121452	-1.14806	1.48987	1.41846
121452	-1.16889	1.46868	0.000110268
121452	-1.07267	1.35816	4.73059
121452	-1.20124	1.45027	1.08228
121452	-1.21571	1.40325	4.80517
121452	-1.26465	1.34437	1.5338
121452	-1.2563	1.33107	2.5326e-05
121452	-1.16655	1.30587	2.96269
121452	-1.20891	1.29225	6.65428e-05
121452	-1.20293	1.30943	16.0868
