event	Eta	Phi	pT
165875	-0.990954	0.47731	0.888443
165875	-0.816544	6.13825	2.9004e-05
165875	-0.825047	6.21256	5.61907
165875	-0.767071	0.453899	3.11753
165875	-0.980565	0.273924	2.51364e-05
165875	-0.91994	0.347786	10.1698
165875	-0.781594	6.21393	0.904144
165875	-0.653504	6.22788	3.83606e-05
165875	-0.821547	0.0169061	3.22939
165875	-0.858311	0.0989115	3.04812
165875	-0.871031	0.150158	4.70513e-05
165875	-0.763558	0.353911	1.73772
165875	-0.638936	0.278928	1.47074
165875	-0.628194	0.287642	8.08478
165875	-0.747867	0.29369	2.93129
165875	-0.827293	0.177042	4.4527
165875	-0.818238	0.15511	4.28541e-05
165875	-0.806525	0.206042	3.30941e-05
165875	-0.69189	0.260733	4.19672e-05
165875	-0.714109	0.252163	2.80347
165875	-0.738713	0.189933	9.61248e-05
165875	-0.748448	0.153245	13.9974
165875	-0.684861	0.227574	0.000107431
165875	-0.687693	0.201364	2.64835
165875	-0.675962	0.185605	0.000124634
165875	-0.64346	0.145018	7.00798
165875	-0.656514	0.142362	11.928
