event	Eta	Phi	pT
193657	1.0336	0.504623	0.985392
193657	1.19891	0.326132	2.23492
193657	0.893434	0.486295	3.25111
193657	1.00633	0.431937	7.67403
193657	0.846669	0.435914	1.57476
193657	0.750529	6.06059	1.99027
193657	0.698585	0.309406	2.22236e-05
193657	1.04192	0.297306	8.4042e-05
193657	0.912687	0.343416	4.6427e-05
193657	0.893228	0.265441	6.36649e-05
193657	0.964608	0.152453	1.81338
193657	0.958103	6.27468	1.93668
193657	0.933583	0.0244268	3.97427
193657	0.776876	0.0213038	3.12626
193657	0.827301	6.24335	4.65029e-05
193657	0.861121	0.0275475	17.6323
193657	0.807303	0.0152398	0.000171972
193657	0.806968	0.00616813	4.87846
193657	0.914382	0.206793	3.72833e-05
193657	0.844385	0.168617	4.95608
193657	0.8813	0.157457	11.3833
