event	Eta	Phi	pT
166466	1.26418	6.18321	5.89077
166466	1.44145	0.443533	2.85889
166466	1.26927	0.447844	1.96602
166466	1.27847	0.423279	2.98656
166466	1.13821	0.381469	2.69277
166466	1.45514	0.196691	2.90299e-05
166466	1.17361	0.302667	4.63812e-05
166466	1.1336	0.197901	4.07633e-05
166466	1.36875	0.106825	2.85088
166466	1.2039	0.0977972	13.2001
166466	1.25916	0.0949023	4.59949e-05
166466	1.32753	0.11849	4.3759
166466	1.36376	0.220517	5.01651e-05
166466	1.22173	0.285874	4.67608e-05
166466	1.19424	0.185109	9.03898e-05
166466	1.27575	0.131685	3.40132e-05
166466	1.27421	0.134394	8.71565e-05
166466	1.24722	0.139894	3.56326e-05
166466	1.2552	0.142071	7.82863e-05
166466	1.24511	0.152074	0.924977
166466	1.25294	0.167404	4.1507
166466	1.22281	0.221432	2.42165e-05
166466	1.24972	0.218062	0.00018824
166466	1.27641	0.217876	43.1958
