event	Eta	Phi	pT
107655	-0.543726	5.43219	2.05973
107655	-0.49242	5.36341	8.67307
107655	-1.00728	5.27858	1.14506
107655	-0.60296	4.74923	0.93344
107655	-0.633893	5.39521	2.08092e-05
107655	-0.80486	4.86438	5.56495
107655	-0.511294	5.17543	5.62215e-05
107655	-0.56217	5.17905	2.80526
107655	-0.683402	5.26058	2.87061
107655	-0.614687	5.13041	6.62166
107655	-0.665662	4.98253	1.8823
107655	-0.628096	5.03073	3.22389e-05
107655	-0.863392	5.16963	2.6214e-05
107655	-0.688426	5.20184	7.56055e-05
107655	-0.725989	5.09671	3.39395
107655	-0.754027	5.07064	2.8542
107655	-0.751292	5.08595	2.28058
107655	-0.765974	5.0939	2.33186
107655	-0.758076	5.10372	8.67651
