event	Eta	Phi	pT
144935	0.704909	0.459785	0.983768
144935	0.204461	0.0924073	7.05926
144935	0.343476	0.0771882	1.22569
144935	0.431276	0.621813	1.06392
144935	0.117646	0.302665	0.970137
144935	0.276416	0.600183	1.0303
144935	0.544602	0.384772	2.99166
144935	0.354341	0.558114	2.24443
144935	0.242016	0.233087	6.0689e-05
144935	0.394482	0.487825	1.73399
144935	0.433281	0.453556	4.43123
144935	0.311893	0.350401	3.44821
144935	0.318148	0.369808	6.96536
144935	0.340743	0.364486	16.8009
144935	0.352657	0.341767	10.2099
144935	0.355449	0.346313	18.1857
