event	Eta	Phi	pT
175643	0.269201	5.35229	8.2073e-05
175643	0.301421	5.35811	2.8822
175643	0.263521	5.30616	4.78853
175643	0.303863	5.27475	9.18853
175643	0.460719	5.28903	6.5281
175643	0.572506	5.01313	2.98103
175643	0.442339	5.20865	2.19789e-05
175643	0.496364	4.99995	2.60517e-05
175643	0.489493	5.17817	1.5185
175643	0.47637	5.16795	2.92651
175643	0.425358	5.1537	3.11186
175643	0.461633	5.12624	4.39906e-05
175643	0.469775	5.09721	1.60532
175643	0.447221	5.06199	11.9682
175643	0.432532	5.09527	9.81328
175643	0.442431	5.08129	10.575
