event	Eta	Phi	pT
48276	0.536957	4.60031	4.38507e-05
48276	0.782076	4.71804	5.01463
48276	0.649543	4.53006	2.29139e-05
48276	0.731945	4.5074	4.29477
48276	0.789499	4.6466	2.58653e-05
48276	0.765424	4.52812	0.000101943
48276	0.764383	4.61954	3.91772
48276	0.73008	4.58516	21.4772
48276	0.613624	4.21546	2.75725
48276	0.650297	4.2019	2.93788e-05
48276	0.904465	4.54047	1.47666
48276	0.720625	4.25574	3.09745
48276	0.797229	4.46826	4.57406
48276	0.750959	4.39538	2.29878
48276	0.846528	4.44537	5.77157
48276	0.781532	4.34199	4.20375e-05
48276	0.894994	4.46484	1.86655
48276	0.898891	4.45026	2.8999
48276	0.918239	4.40736	1.92903
48276	0.851737	4.18327	3.62037
48276	1.04854	4.17574	5.28258
48276	0.951564	4.3589	5.20159e-05
48276	0.93499	4.19992	0.000101232
48276	0.986897	4.21735	0.000106582
48276	0.951391	4.26743	18.3647
48276	1.0316	4.20713	4.07845
48276	1.0379	4.27987	18.8818
