event	Eta	Phi	pT
78168	-1.07553	0.322116	1.24993
78168	-1.25379	0.488545	6.29385
78168	-1.05769	0.483247	9.63972
78168	-1.1188	0.921042	8.22555
78168	-1.22529	0.568926	3.27427e-05
78168	-1.2536	0.589549	6.35122e-05
78168	-1.13016	0.584986	5.11193e-05
78168	-1.05966	0.636642	2.14385
78168	-1.04475	0.698039	3.63037e-05
78168	-1.22048	0.655221	5.03172
78168	-1.18853	0.634468	1.93081
78168	-1.12925	0.631044	5.24977e-05
78168	-1.09508	0.66212	4.49569e-05
78168	-1.09179	0.672653	2.95194
78168	-1.0953	0.766684	2.20003
78168	-1.10194	0.750072	4.88327e-05
78168	-1.15876	0.723664	15.7309
