event	Eta	Phi	pT
10664	-1.27527	0.576063	1.84831
10664	-1.51774	0.293333	2.67619
10664	-1.5958	0.872491	1.08249
10664	-1.92721	0.444531	0.986168
10664	-1.66027	0.337099	1.1687
10664	-1.46553	0.478189	1.45267
10664	-1.57956	0.375821	9.81822
10664	-1.91406	0.659871	1.82721
10664	-1.55986	0.509067	4.80593
10664	-1.66581	0.446034	2.31998e-05
10664	-1.70988	0.473493	3.90661e-05
10664	-1.70526	0.460079	8.92707e-05
10664	-1.696	0.456731	6.07059
10664	-1.60467	0.492891	5.26282e-05
10664	-1.72058	0.834075	1.79772
10664	-1.54861	0.624668	3.18103e-05
10664	-1.709	0.648377	34.1216
