event	Eta	Phi	pT
139293	-2.14459	5.5235	2.11021
139293	-2.13215	5.5115	3.79544
139293	-2.31591	5.36723	1.67371
139293	-1.92011	5.42859	2.2485
139293	-1.76966	5.09851	1.29266
139293	-1.81071	5.17969	3.11387
139293	-2.0607	5.3546	0.653951
139293	-2.00263	5.34007	7.33488
139293	-2.29775	5.16723	0.59511
139293	-2.06399	5.29904	3.54222e-05
139293	-2.09358	5.26839	2.15358
139293	-2.13381	5.29907	4.23162
139293	-2.12095	5.285	1.77811
139293	-2.05888	4.85003	4.45947e-05
139293	-2.11568	4.88178	1.74006
139293	-1.92891	5.02673	4.78108
139293	-2.09346	4.94383	0.758519
139293	-2.16314	4.99721	3.09021
139293	-2.19333	5.13935	2.47461e-05
139293	-2.17077	5.12285	3.86594
139293	-1.9663	5.10759	1.45149
139293	-2.10888	5.07412	2.45553e-05
139293	-2.08477	5.10064	3.05768
139293	-2.06024	5.08576	4.50628
139293	-2.04647	5.09507	4.29408
