event	Eta	Phi	pT
52135	-1.84508	1.79062	0.673078
52135	-1.92298	1.9326	0.987763
52135	-1.93314	2.04887	2.33275
52135	-1.75157	2.38263	1.73833
52135	-1.85693	2.11203	4.66779
52135	-1.84282	2.05365	0.639966
52135	-1.50066	1.78382	2.55761e-05
52135	-1.4692	2.28823	1.76964
52135	-1.40503	1.8781	2.52966
52135	-1.75041	2.03942	1.63445
52135	-1.54497	1.89237	4.50696e-05
52135	-1.39032	1.98498	2.94624e-05
52135	-1.54184	1.91045	2.29257
52135	-1.49687	1.95089	7.52558
52135	-1.58105	1.98337	8.43813
52135	-1.48869	2.16371	11.5719
52135	-1.47313	2.10201	1.75424
52135	-1.4871	2.04292	4.27899e-05
52135	-1.57881	2.1435	0.998358
52135	-1.57625	2.04241	0.000172273
52135	-1.51982	2.0603	1.46513
52135	-1.55874	2.08597	19.2597
