event	Eta	Phi	pT
178747	-1.08313	4.71943	2.66082e-05
178747	-0.86202	4.7116	4.12041
178747	-1.11511	5.03129	1.91806
178747	-0.851206	4.74972	2.72468e-05
178747	-0.94504	4.8005	3.12037e-05
178747	-0.843158	4.80621	4.66211
178747	-0.841295	4.85372	3.27991e-05
178747	-0.905196	4.86441	6.78427e-05
178747	-0.849781	5.10358	1.32537
178747	-0.965894	5.07296	1.65456
178747	-0.991132	5.01649	2.60183
178747	-0.87511	5.07384	2.95101
178747	-0.863694	4.92925	2.56392
178747	-0.873871	5.01367	7.96685
178747	-0.872112	5.00082	3.67765
178747	-0.85746	4.98041	4.19979e-05
178747	-0.886159	4.97211	13.4754
178747	-0.886714	4.98239	4.89945
