event	Eta	Phi	pT
114707	-0.752333	5.35809	3.18822
114707	-0.987482	5.40748	14.8131
114707	-1.19197	5.17539	0.982302
114707	-0.914208	5.30556	1.28045
114707	-0.904247	5.27335	1.20864
114707	-0.916075	5.25104	3.24893
114707	-0.893779	5.06967	4.1355
114707	-1.00356	5.2135	5.22124e-05
114707	-1.01043	5.19519	0.00013314
114707	-0.951804	5.1061	4.004e-05
114707	-0.988907	5.12852	17.1059
114707	-0.994067	5.15621	4.50935e-05
114707	-0.966599	5.18128	0.000169808
114707	-0.944497	5.16786	8.93737e-05
114707	-0.964989	5.15829	25.1789
