event	Eta	Phi	pT
34335	0.131935	6.26579	0.920224
34335	0.0529596	0.4782	1.59946
34335	0.116414	0.25625	12.9463
34335	-0.0320901	0.447205	2.36497e-05
34335	-0.385153	0.134091	1.15789
34335	0.0345743	0.171224	2.97309
34335	-0.229919	0.0662473	6.8413
34335	0.0102806	0.326745	1.69048
34335	-0.0803578	0.258876	9.3071e-05
34335	-0.0691343	0.131093	4.29648
34335	-0.106468	0.200417	4.91037e-05
34335	-0.0848133	0.178989	11.4617
34335	-0.392718	0.240721	3.36123
34335	-0.255086	0.138712	3.11218e-05
34335	-0.0425476	0.341854	2.97363
34335	-0.215767	0.176111	5.32312e-05
34335	-0.378774	0.376109	4.84621e-05
34335	-0.239233	0.417298	6.95574
34335	-0.173126	0.360777	5.07225
34335	-0.166249	0.290459	6.18675e-05
34335	-0.28857	0.275964	2.72254
34335	-0.228797	0.313603	3.41201e-05
34335	-0.229893	0.322255	2.8341
34335	-0.254409	0.278144	3.76692
34335	-0.224925	0.280908	5.18035
