event	Eta	Phi	pT
188930	-1.94237	3.86818	1.81379
188930	-2.38804	4.02426	2.11079
188930	-2.27784	4.07204	0.638872
188930	-2.22895	4.04058	3.93629
188930	-2.23674	4.07348	2.29027e-05
188930	-1.93185	4.16501	2.55003e-05
188930	-1.93197	4.163	17.9817
188930	-2.34056	4.32564	1.16494
188930	-2.31249	4.22258	4.30695e-05
188930	-2.30796	4.2577	2.2056
188930	-2.26638	4.23969	0.855622
188930	-2.26947	4.29362	1.07267
188930	-2.25451	4.31195	3.39178
188930	-2.08485	4.14209	0.784535
188930	-2.17627	4.19475	2.268e-05
188930	-2.18101	4.27848	1.93286
188930	-2.1011	4.37991	3.37734e-05
188930	-2.05374	4.33356	24.7812
