event	Eta	Phi	pT
172086	-1.83278	1.10112	1.56163
172086	-1.58297	1.15382	3.48123
172086	-1.40906	1.08488	3.47862
172086	-1.5808	1.04392	8.68674
172086	-1.49878	0.753787	5.34915e-05
172086	-1.44113	0.824128	3.15116e-05
172086	-1.59941	0.890229	7.44316e-05
172086	-1.55799	0.84801	1.81896
172086	-1.54414	0.858969	5.35866
172086	-1.51443	0.857293	9.37585
172086	-1.45478	0.610602	2.58687
172086	-1.5276	0.593525	2.07344
172086	-1.51149	0.637116	4.73961
172086	-1.60196	0.797283	0.000100463
172086	-1.70184	0.76542	3.30675
172086	-1.64234	0.708448	16.8576
