event	Eta	Phi	pT
174063	0.685434	3.48783	5.33939e-05
174063	0.965128	3.37203	5.69092
174063	0.791363	3.73321	1.87635
174063	0.781835	3.63708	2.3459
174063	1.30309	3.60454	1.8617
174063	1.02214	3.42931	7.08465e-05
174063	1.24982	3.66321	2.45347
174063	1.20529	3.63863	3.81583
174063	1.01566	3.48112	6.67901e-05
174063	1.07219	3.49394	2.42012
174063	0.985575	3.59297	10.0908
174063	1.08337	3.7362	5.24227e-05
174063	0.996169	3.70122	1.24032
174063	1.10023	3.67241	8.73626e-05
174063	1.0832	3.70859	1.58598
174063	1.07446	3.7002	0.000215988
174063	1.03471	3.66093	3.29426
174063	1.04668	3.68483	21.1618
