event	Eta	Phi	pT
199106	1.34396	3.87331	2.18718
199106	1.32441	3.92276	3.11239
199106	0.863957	3.51513	7.78956
199106	0.78574	3.57009	8.76123e-05
199106	0.749905	3.88536	8.52331
199106	0.748681	3.79956	6.06825e-05
199106	1.13679	3.97761	2.00193e-05
199106	0.956391	3.97507	7.37202
199106	0.992287	3.96818	6.30896
199106	1.02387	3.62911	4.00715e-05
199106	0.968778	3.65133	5.09131
199106	0.950852	3.88884	0.000102836
199106	1.03433	3.86286	4.61584e-05
199106	1.05638	3.71417	0.000206293
199106	0.951977	3.87516	7.32487e-05
199106	0.965437	3.83512	7.15289
199106	1.0141	3.70875	0.00010077
199106	1.00659	3.70343	2.43109e-05
199106	1.00439	3.79986	3.79331
199106	1.01522	3.77782	1.8142
199106	0.95978	3.72298	6.12772
199106	0.937228	3.76374	9.83648
199106	0.96631	3.77092	6.24155e-05
199106	0.962445	3.76089	5.01662
199106	1.12687	3.67577	21.0085
199106	1.13833	3.58655	2.17164
