event	Eta	Phi	pT
126026	0.633424	4.83503	6.85994e-05
126026	0.284255	5.07443	4.27864e-05
126026	0.542268	4.42226	3.14791e-05
126026	-0.035176	4.69643	3.17078
126026	0.506871	4.88009	3.62719e-05
126026	0.456465	4.91473	2.26348e-05
126026	0.25054	4.94383	2.56241e-05
126026	0.45166	4.77603	2.85455e-05
126026	0.456211	4.62368	5.47268
126026	0.310436	4.55711	4.20058
126026	0.17407	4.60763	10.0774
126026	0.277834	4.82535	3.2484
126026	0.236956	4.69757	8.88321e-05
126026	0.230598	4.68015	2.99951
126026	0.227914	4.66441	10.8059
126026	0.270517	4.77287	6.46474
126026	0.2877	4.62973	1.59886
126026	0.270804	4.71194	0.000157878
126026	0.316519	4.7425	2.02443
126026	0.298784	4.69467	6.75133
126026	0.338877	4.70503	12.6816
