event	Eta	Phi	pT
124551	-0.984006	5.73648	3.53131
124551	-0.865069	5.34874	3.1018e-05
124551	-0.845505	5.342	5.74626
124551	-0.979956	5.39408	2.60982e-05
124551	-0.92442	5.37005	3.4519
124551	-1.02029	5.49802	0.993731
124551	-0.986765	5.53666	1.58428
124551	-0.97001	5.49138	1.37626
124551	-0.820987	5.49219	5.21267e-05
124551	-0.815474	5.47641	4.20653e-05
124551	-0.834958	5.45955	7.20653
124551	-0.843709	5.50141	2.63073e-05
124551	-0.86984	5.49742	6.14191
124551	-0.853029	5.66357	1.33754
124551	-0.807909	5.66524	6.18979
124551	-0.805417	5.54613	2.86672
124551	-0.804827	5.58483	11.1022
