event	Eta	Phi	pT
140025	0.833985	0.0484273	3.22906
140025	0.941472	0.499804	5.22847
140025	0.974727	0.145295	2.70555e-05
140025	0.697554	0.436117	2.19197
140025	0.868922	0.433182	3.70113
140025	0.694299	0.26929	4.80762e-05
140025	0.944905	0.226634	2.9436e-05
140025	0.849168	0.396074	4.39193
140025	0.881774	0.37246	3.42824
140025	0.885597	0.218538	9.86637
140025	0.858896	0.353871	9.49462e-05
140025	0.835303	0.210912	4.666e-05
140025	0.879018	0.305205	3.97656
140025	0.826029	0.223366	6.19796e-05
140025	0.846449	0.238241	3.52191
140025	0.815362	0.229345	2.45292
140025	0.850075	0.254461	5.99049e-05
140025	0.796946	0.299194	18.9785
