event	Eta	Phi	pT
158045	-1.58316	1.91657	2.33948e-05
158045	-1.34799	1.83888	3.15493
158045	-1.52021	2.04145	2.36226
158045	-1.25034	2.06207	7.14186
158045	-1.45986	2.19987	0.000116952
158045	-1.33436	2.1268	2.47338e-05
158045	-1.40551	2.11911	17.1725
158045	-1.4828	2.21894	3.77607e-05
158045	-1.43106	2.30059	11.3142
158045	-1.38775	2.33354	6.0411
158045	-1.25006	2.29489	3.26638e-05
158045	-1.22412	2.30975	8.80261
158045	-1.20545	2.19149	1.08793
158045	-1.32399	2.17855	8.88014e-05
158045	-1.29138	2.21617	10.7241
158045	-1.24496	2.2405	0.000109937
158045	-1.263	2.24517	4.99
