event	Eta	Phi	pT
72244	1.81401	0.372382	2.94131
72244	1.88208	0.956859	0.946275
72244	1.86684	0.913438	2.15805e-05
72244	1.80361	0.544927	5.22141
72244	1.85031	0.766198	1.3135
72244	1.71621	0.894175	5.60958
72244	1.80224	0.683278	2.32878
72244	1.75633	0.662856	1.71543
72244	1.74201	0.666701	2.21685e-05
72244	1.76868	0.748454	11.636
72244	1.65439	0.684923	9.7687
72244	1.63624	0.738484	13.7964
72244	1.65866	0.74238	0.000169267
72244	1.67602	0.728124	7.0664e-05
72244	1.69483	0.725908	2.54836
72244	1.6745	0.735247	0.985446
72244	1.6745	0.792662	3.57687e-05
72244	1.70957	0.774441	2.67051
72244	1.69583	0.763166	30.0272
