event	Eta	Phi	pT
126749	2.16984	1.25353	3.35599e-05
126749	2.19349	1.23884	5.58847
126749	2.16024	1.90377	0.858017
126749	1.87693	1.68077	2.07665
126749	1.91834	1.70764	1.61556
126749	2.04338	1.49579	12.507
126749	2.16676	1.73561	16.0009
126749	2.20182	1.68558	12.3892
126749	2.11253	1.59121	4.72967e-05
126749	2.11435	1.58922	5.29017e-05
126749	2.20342	1.49839	2.2105
126749	2.18555	1.50626	1.29147
126749	2.14726	1.58287	7.21245e-05
126749	2.16114	1.59228	0.794173
126749	2.21272	1.57565	1.94462
126749	2.18624	1.53831	9.44939e-05
126749	2.18677	1.55746	15.0599
