event	Eta	Phi	pT
4330	-1.76413	0.967608	5.06816
4330	-1.68284	1.53243	1.1764
4330	-1.75186	1.09573	8.36247e-05
4330	-1.75202	1.37172	1.18902
4330	-1.54816	1.41112	5.06777
4330	-1.44523	1.4043	3.3723
4330	-1.35917	1.29906	2.79035
4330	-1.43922	1.09195	5.07252
4330	-1.51068	1.08129	3.59984
4330	-1.59979	1.2243	3.42709
4330	-1.4425	1.28846	4.24012e-05
4330	-1.44059	1.2196	4.10998e-05
4330	-1.47517	1.29382	3.84679e-05
4330	-1.51708	1.28627	4.11797e-05
4330	-1.51254	1.26409	8.6359
4330	-1.50464	1.22533	3.26627
4330	-1.50483	1.24386	22.3045
