event	Eta	Phi	pT
29976	-1.34325	4.85922	1.99105
29976	-1.36103	4.69809	2.04477
29976	-1.22289	4.71294	2.98479e-05
29976	-1.16226	4.68641	11.9809
29976	-1.41843	4.34556	1.28426
29976	-1.06029	4.30768	1.61428
29976	-1.28846	4.33188	7.69634
29976	-1.29371	4.4383	3.23927
29976	-1.27054	4.40479	5.72218e-05
29976	-1.18331	4.43871	2.97741e-05
29976	-1.19215	4.3979	10.7162
29976	-1.11558	4.52055	2.66831
29976	-1.26673	4.53916	1.67199
29976	-1.18499	4.56448	0.000132149
29976	-1.18807	4.51734	0.000170814
29976	-1.21003	4.49042	0.000119843
29976	-1.19985	4.49093	12.1341
