event	Eta	Phi	pT
10679	-2.19444	3.9369	0.675403
10679	-1.82965	3.97112	6.24812
10679	-2.03749	3.21445	3.15213e-05
10679	-1.91822	3.95879	0.767733
10679	-1.79885	3.33612	2.34028
10679	-1.69071	3.50652	3.02207
10679	-2.07241	3.32879	0.593799
10679	-2.19637	3.43756	2.43431e-05
10679	-2.24125	3.57433	2.70789
10679	-1.76133	3.47426	1.05186
10679	-1.92686	3.37207	1.25887
10679	-1.93747	3.38124	4.63512e-05
10679	-1.97276	3.40962	5.67759e-05
10679	-1.96872	3.38776	22.2554
10679	-1.78642	3.49905	1.21507
10679	-1.81132	3.4835	2.42886
10679	-1.85967	3.46468	1.74801
10679	-2.14037	3.55897	1.58858
10679	-2.00514	3.88349	0.693966
10679	-2.15091	3.62502	3.00206
10679	-2.15396	3.67444	2.18491e-05
10679	-2.02962	3.83579	8.11835
10679	-1.98903	3.80101	1.1945
10679	-1.9248	3.785	7.02228e-05
10679	-1.87664	3.69475	5.7449e-05
10679	-1.86201	3.73418	16.3906
10679	-1.98293	3.51055	0.000225297
10679	-1.9082	3.57523	1.84678
10679	-1.94853	3.55938	9.62264
10679	-1.99178	3.5506	0.000152902
10679	-1.99655	3.70494	1.57322
10679	-1.96608	3.67351	0.8735
10679	-2.04171	3.67096	1.81817
10679	-2.01528	3.64119	1.3286
10679	-2.00417	3.661	31.603
