event	Eta	Phi	pT
80106	0.0837935	1.33223	5.60948e-05
80106	0.405	1.72868	2.17912
80106	0.318177	1.69131	4.02862
80106	0.281159	1.3536	1.75988
80106	0.319417	1.44185	3.30229e-05
80106	0.420332	1.52676	4.12934e-05
80106	0.538461	1.5091	2.28131e-05
80106	0.446142	1.22391	3.2597
80106	0.385565	1.38186	2.13367e-05
80106	0.406264	1.36897	15.4416
80106	0.51725	1.44307	11.2701
80106	0.556848	1.26148	5.48833
80106	0.50704	1.35682	0.000105116
80106	0.523408	1.33558	14.6966
80106	0.543935	1.3844	0.000150938
80106	0.55368	1.36922	8.21343
