event	Eta	Phi	pT
19632	-1.4593	5.20321	3.28484
19632	-1.05044	5.61879	1.09905
19632	-1.34544	5.26772	1.32458
19632	-1.40117	5.33473	1.16895
19632	-1.1501	5.41694	14.028
19632	-1.26034	5.41124	0.000243196
19632	-1.24115	5.37675	9.21371e-05
19632	-1.21849	5.35421	20.9933
19632	-1.35783	5.40821	2.08658e-05
19632	-1.37592	5.38262	1.04236
19632	-1.34127	5.35828	1.53034
19632	-1.33884	5.35032	6.81069
19632	-1.33301	5.38804	4.5997e-05
19632	-1.32666	5.38236	3.86809
19632	-1.44129	5.47909	2.72122e-05
19632	-1.3833	5.52171	10.3383
19632	-1.18562	5.5457	6.23894e-05
19632	-1.33199	5.53385	2.17836
19632	-1.2815	5.44056	0.000104203
19632	-1.27684	5.49643	4.56909
19632	-1.27545	5.50159	17.5699
