event	Eta	Phi	pT
12479	0.611596	3.82851	2.5962
12479	-0.0421428	4.06443	3.47188e-05
12479	0.214493	3.51001	2.84766e-05
12479	0.331641	3.58898	3.61209
12479	0.156907	3.52729	2.02404e-05
12479	0.104498	3.56669	2.20022e-05
12479	0.106563	3.59526	3.33941e-05
12479	0.163181	3.60469	23.5787
12479	0.0137826	3.72179	1.5166
12479	0.0670282	3.68173	0.983398
12479	0.134491	3.71748	6.83827e-05
12479	0.146954	3.71487	9.2477e-05
12479	0.125458	3.774	3.45492e-05
12479	0.0962541	3.78006	9.42363
12479	0.347637	4.1394	1.21106
12479	0.344836	4.13166	5.90147e-05
12479	0.412593	4.07727	2.25747
12479	0.134459	3.78814	0.882297
12479	0.112155	3.91175	8.36724
12479	0.119546	3.93901	2.22154e-05
12479	0.270573	3.79121	8.78007
12479	0.33412	3.81094	3.58917e-05
12479	0.339443	4.04647	6.35483
12479	0.271224	4.03496	3.75727
12479	0.332574	4.01391	3.60169
12479	0.303221	3.83773	2.927e-05
12479	0.371096	3.92276	5.03316e-05
12479	0.328377	3.98857	4.58273e-05
12479	0.326789	3.88895	3.55401
12479	0.315039	3.953	13.0873
12479	0.250415	3.9707	2.47641e-05
12479	0.257043	3.92497	8.57383
12479	0.283247	3.91819	3.36487
12479	0.282156	3.89316	5.20682e-05
12479	0.272891	3.90472	9.19269
