event	Eta	Phi	pT
87586	1.35895	5.34528	1.76707
87586	0.910426	4.9319	2.45219e-05
87586	1.04306	4.96337	4.26898
87586	0.831	5.54981	2.81377
87586	1.09714	5.52665	2.4916
87586	0.860636	5.52145	2.90014e-05
87586	0.801665	5.37942	1.55208
87586	0.797334	5.38702	2.01977
87586	0.950124	5.445	3.75922
87586	0.883046	5.4065	4.04185
87586	0.796518	5.27595	3.3439e-05
87586	0.819389	5.18161	3.26979
87586	0.840215	5.32428	6.7393e-05
87586	0.957542	5.05533	3.76862e-05
87586	0.970698	5.38485	2.12482
87586	0.881851	5.15256	1.17919
87586	0.921039	5.31403	7.6879
87586	0.918232	5.14946	8.50712e-05
87586	1.07886	5.25818	2.087
87586	1.01336	5.27032	2.81055
87586	1.05764	5.26595	2.08594
87586	0.983467	5.22685	2.2227
87586	1.02132	5.2463	2.14272
87586	1.00306	5.20153	3.85282
87586	1.05882	5.16895	7.13307
87586	1.02577	5.15349	2.30484
87586	1.02979	5.18051	8.10712
