event	Eta	Phi	pT
131978	0.51546	2.39896	18.4754
131978	0.497495	2.94129	2.74809
131978	0.484848	2.53785	4.58324e-05
131978	0.591542	2.82151	7.16226e-05
131978	0.505519	2.80094	5.77493e-05
131978	0.4537	2.64359	3.62982
131978	0.532351	2.56724	6.85288e-05
131978	0.475224	2.64365	2.78724e-05
131978	0.512661	2.60372	3.28693
131978	0.611418	2.64038	3.33071
131978	0.579736	2.67199	3.90079
131978	0.595359	2.67159	12.5258
131978	0.59624	2.71887	1.21194
131978	0.588272	2.69806	21.8931
131978	0.60021	2.69445	7.5872
