event	Eta	Phi	pT
112220	-2.23759	4.41501	1.89154
112220	-2.25455	4.23027	2.92223
112220	-2.27152	4.01864	6.46658
112220	-2.16142	4.31239	0.888288
112220	-2.23382	3.98354	3.82463
112220	-2.20517	3.9419	2.8111e-05
112220	-2.15711	4.23173	1.56731
112220	-2.171	4.1475	2.69654e-05
112220	-1.90054	4.23574	5.1115
112220	-1.99	4.23366	0.908143
112220	-1.86276	3.99717	6.47317e-05
112220	-1.87137	3.98787	3.13566e-05
112220	-1.8678	4.05649	3.51541e-05
112220	-1.90005	4.04501	9.8535
112220	-2.04582	4.15685	3.36026
112220	-2.05163	4.02856	2.0122
112220	-1.99487	4.05629	5.74967
112220	-2.04114	4.07909	3.10663
112220	-2.03432	4.08501	12.1702
