event	Eta	Phi	pT
195485	0.923836	0.490039	2.81815
195485	0.923964	0.129448	5.92165
195485	1.12817	0.20586	1.20965
195485	1.06375	0.225684	0.00010742
195485	1.09778	0.211965	0.934306
195485	1.07979	0.178471	6.36317e-05
195485	1.06425	0.149231	15.7938
195485	0.887655	0.25536	0.941169
195485	0.916947	0.327636	2.05202
195485	1.10051	0.282866	3.10755
195485	1.05039	0.329817	4.67208
195485	0.91375	0.223172	3.22255e-05
195485	0.941249	0.256474	4.51429e-05
195485	0.972756	0.275167	7.13598
195485	1.02849	0.266873	4.70639
195485	1.02445	0.252241	3.61493
195485	1.00555	0.230619	3.02569
195485	0.983881	0.221578	3.62086
195485	0.990946	0.233366	3.08709
