event	Eta	Phi	pT
129138	-0.0288932	3.40835	3.63687
129138	-3.04652e-05	3.36382	2.93453
129138	0.0784991	3.27201	2.17942e-05
129138	-0.0648242	3.29494	4.56342
129138	-0.083086	3.24127	7.10276e-05
129138	-0.14211	3.22801	2.37961
129138	-0.134656	3.27057	7.12352
129138	0.0110194	3.22591	9.57537e-05
129138	0.0642641	3.16823	5.58212
129138	-0.0771591	3.20043	3.41976
129138	-0.149633	3.15168	2.42196
129138	-0.0211098	3.12029	4.05268e-05
129138	-0.0307991	3.09047	9.86091e-05
129138	-0.0593711	2.90906	5.02954
129138	-0.0178281	3.03659	6.5712e-05
129138	-0.0561556	3.02527	2.20307
129138	-0.0650211	2.99202	19.0569
