event	Eta	Phi	pT
142115	0.79142	0.82584	2.29722e-05
142115	0.948599	1.00082	1.59931
142115	1.25618	0.997014	3.15374
142115	1.27817	0.909395	3.48554
142115	1.04788	0.909369	4.35919
142115	0.989308	0.8056	9.30662
142115	0.993724	0.724645	0.000115218
142115	1.04538	0.839657	14.3877
142115	1.22448	0.906311	3.82022e-05
142115	1.19504	0.906602	2.34027
142115	1.11706	0.87582	0.000121638
142115	1.09887	0.627392	3.56639e-05
142115	1.10717	0.644314	17.969
142115	1.27345	0.638274	2.11473e-05
142115	1.11645	0.756182	0.000123739
142115	1.12657	0.764315	3.84439e-05
142115	1.238	0.700065	2.90933e-05
142115	1.2522	0.760554	0.000137679
142115	1.25064	0.752852	18.0319
142115	1.18536	0.743473	0.000290466
142115	1.20879	0.741955	25.3415
