event	Eta	Phi	pT
20106	-0.175166	0.569656	3.27892
20106	-0.624507	0.779982	9.561
20106	-0.333367	0.562626	3.00407
20106	-0.517583	0.709998	3.02496e-05
20106	-0.354016	0.634599	5.15546
20106	-0.480779	0.770392	9.76083
20106	-0.124662	0.871583	1.4403
20106	-0.482715	0.937583	2.39694
20106	-0.167107	0.806448	0.863434
20106	-0.462983	0.83611	6.49695e-05
20106	-0.17165	0.860811	2.46932e-05
20106	-0.424228	0.942295	2.88933e-05
20106	-0.327418	0.985035	6.94279
20106	-0.416365	0.857655	1.24075
20106	-0.379852	0.89908	10.6955
20106	-0.286209	0.940862	10.2393
20106	-0.292351	0.905247	9.56476e-05
20106	-0.33805	0.777603	3.72409e-05
20106	-0.328806	0.861549	5.22541
20106	-0.310505	0.77293	1.0659
20106	-0.301895	0.867768	5.82338e-05
20106	-0.259986	0.800344	4.17088
20106	-0.293235	0.856055	7.17547e-05
20106	-0.287909	0.83283	11.3249
20106	-0.269287	0.825936	4.00309
