event	Eta	Phi	pT
108261	-0.650498	5.17415	2.66833e-05
108261	-1.04004	4.80702	2.22449e-05
108261	-0.55226	5.06496	3.98963
108261	-0.477619	4.87592	1.08464
108261	-0.875266	4.74789	1.64437
108261	-0.859299	4.79242	2.04659
108261	-0.700882	4.61006	3.18388
108261	-0.714441	4.64058	6.3298e-05
108261	-0.616504	4.65323	2.3467
108261	-0.790614	4.74785	1.87583
108261	-0.535433	4.83097	2.64892e-05
108261	-0.765093	4.74357	1.01283
108261	-0.698815	4.72001	1.36914
108261	-0.625164	4.75542	6.92414e-05
108261	-0.668528	4.80423	4.48543e-05
108261	-0.65508	4.83108	5.81663
108261	-0.651598	4.83235	13.4038
108261	-0.68403	4.7724	5.74635
108261	-0.674074	4.78267	7.40513
