event	Eta	Phi	pT
198706	-1.80929	5.18906	2.01678
198706	-2.14008	5.72188	4.04255
198706	-1.62796	5.37836	2.61874
198706	-1.73531	5.7726	2.16352
198706	-1.70174	5.73233	2.19344e-05
198706	-1.80618	5.73821	2.02713
198706	-1.80798	5.73096	2.43655
198706	-1.6601	5.57669	0.000102751
198706	-1.69638	5.62425	0.890248
198706	-1.6514	5.4499	3.2227e-05
198706	-1.69327	5.48783	11.6989
198706	-1.78817	5.69499	1.28608
198706	-1.73136	5.60671	2.49585
198706	-1.8672	5.69341	6.4264
198706	-1.99724	5.69587	1.27397
198706	-2.06561	5.59119	3.36063e-05
198706	-1.92152	5.62702	6.72346e-05
198706	-1.96162	5.60554	4.75454
198706	-2.11104	5.42324	0.510925
198706	-1.90767	5.59068	0.000124908
198706	-2.0166	5.37126	1.72526
198706	-1.94464	5.54016	6.57753e-05
198706	-1.99383	5.50592	3.66655e-05
198706	-1.99268	5.50781	6.14838
198706	-2.02455	5.43808	1.71592
198706	-1.90563	5.35595	2.02809
198706	-1.9173	5.4385	11.8604
