event	Eta	Phi	pT
27570	-1.21924	2.72862	2.10023
27570	-1.42247	2.39694	1.84432
27570	-1.19324	2.67113	2.8896
27570	-1.10316	2.07522	2.57468
27570	-1.33349	2.20726	1.53046
27570	-1.18259	2.52347	2.63317
27570	-1.24891	2.31021	2.47417e-05
27570	-1.16708	2.24727	3.33775
27570	-0.929964	2.38943	2.25785
27570	-1.20101	2.4529	3.28303
27570	-1.02907	2.50432	6.26608e-05
27570	-1.1175	2.47789	0.000110003
27570	-1.01659	2.38355	12.6201
27570	-1.07852	2.44357	6.46877
27570	-1.09845	2.37582	2.17817e-05
27570	-1.11137	2.36123	24.7713
