event	Eta	Phi	pT
54295	-2.06324	0.456018	1.10766
54295	-1.89401	0.0313743	6.99046
54295	-1.93899	0.425061	1.54398
54295	-1.89876	0.402994	8.44047
54295	-1.83871	0.326966	2.44979e-05
54295	-1.88797	0.34193	5.82193e-05
54295	-1.95789	0.320191	0.523159
54295	-1.85724	0.29933	0.967104
54295	-1.91234	0.295939	2.59523e-05
54295	-1.96521	0.257813	10.4314
54295	-1.90714	0.282548	0.000162254
54295	-1.94289	0.1619	4.85748e-05
54295	-1.86894	0.234053	1.04134
54295	-1.89783	0.178942	0.849263
54295	-1.89154	0.214944	3.84154e-05
54295	-1.89109	0.205421	30.6377
