event	Eta	Phi	pT
174746	-0.589769	2.89168	3.89009
174746	-0.584081	2.22014	3.6754
174746	-0.60513	2.2528	1.00389
174746	-0.80381	2.39448	1.41477
174746	-0.659602	2.37433	3.93472
174746	-0.599389	2.36621	4.74473
174746	-0.510285	2.38071	3.332e-05
174746	-0.668561	2.49181	5.47656e-05
174746	-0.570558	2.67294	7.61987e-05
174746	-0.57692	2.70688	3.58527e-05
174746	-0.573619	2.69876	8.76673
174746	-0.662275	2.60341	6.10666
174746	-0.64222	2.58114	3.30691e-05
174746	-0.576587	2.65289	4.08721
174746	-0.57732	2.50398	6.07554e-05
174746	-0.522427	2.52195	6.36519
174746	-0.587755	2.54886	2.22598e-05
174746	-0.58305	2.60019	3.09904
174746	-0.526954	2.56208	3.25263
174746	-0.563463	2.57058	6.46219e-05
174746	-0.555893	2.57414	10.7801
