event	Eta	Phi	pT
144945	2.21071	3.34839	2.21272
144945	2.49298	3.47938	4.37127e-05
144945	2.31002	3.4704	6.57295e-05
144945	2.3624	3.48828	6.90676e-05
144945	2.3859	3.51798	7.70063
144945	2.03849	3.60359	0.49887
144945	2.41811	3.64644	1.58449
144945	2.33395	3.88374	2.00281
144945	2.32772	3.6259	2.44359
144945	2.37049	3.72097	0.606822
144945	2.30708	3.63752	4.10022
144945	2.1273	3.61331	5.18785e-05
144945	2.20858	3.61645	0.818008
144945	2.17609	3.63607	1.45327
144945	2.17701	3.65136	2.35222e-05
144945	2.14701	3.66677	8.42788e-05
144945	2.23465	3.70414	6.1361
144945	2.20853	3.81715	7.29901
144945	2.21674	3.73307	1.79927
144945	2.13175	3.78271	3.3573
144945	2.16343	3.76353	12.9318
