event	Eta	Phi	pT
41947	0.130771	1.22126	1.02985
41947	0.0791035	1.15573	2.05482
41947	-0.00486267	1.14488	3.40453
41947	0.0728547	1.05692	8.39217
41947	0.114035	0.90353	2.57737e-05
41947	0.0977084	0.942662	14.2006
41947	0.0836448	0.562645	5.78734
41947	0.142814	0.608747	2.84418e-05
41947	0.130795	0.619517	8.87795
41947	-0.0387019	0.85941	6.7993e-05
41947	0.160466	0.821781	7.67214e-05
41947	0.132239	0.832709	0.000120886
41947	0.1452	0.725423	2.543
41947	0.0787998	0.80918	0.000148016
41947	0.0876406	0.781942	2.70365
41947	0.0817422	0.752529	4.55533e-05
41947	0.0266774	0.754559	18.4763
