event	Eta	Phi	pT
186788	-2.30099	0.565694	5.54169
186788	-2.45894	1.19822	1.04309
186788	-2.00681	0.839723	0.514939
186788	-2.25131	0.710527	2.62485e-05
186788	-2.19316	1.07973	2.47848
186788	-2.26924	0.737689	3.2498
186788	-2.40889	0.910785	19.2688
186788	-2.29282	1.04306	4.63131e-05
186788	-2.29742	1.02684	2.83468
186788	-2.32081	0.829722	3.50294e-05
186788	-2.27515	1.00928	0.000134709
186788	-2.29333	0.99348	3.96576
186788	-2.15842	0.910191	2.24487
186788	-2.32442	0.958985	7.76451e-05
186788	-2.29218	0.968415	0.000394019
186788	-2.31889	0.929717	12.4016
186788	-2.26504	0.969301	0.000109167
186788	-2.29402	0.94319	0.0001153
186788	-2.24394	0.902694	82.4397
