event	Eta	Phi	pT
11719	-2.26586	5.72341	0.710034
11719	-1.97674	6.23803	0.701479
11719	-2.04309	6.19492	1.14383
11719	-2.17083	6.13209	0.809346
11719	-2.17343	5.81772	0.676259
11719	-2.15558	5.93349	12.6544
11719	-2.02606	6.05857	13.9405
11719	-1.95965	5.8293	12.3786
11719	-2.08601	5.95683	4.86719e-05
11719	-2.0489	5.87027	5.1944e-05
11719	-2.04265	5.99642	0.638228
11719	-2.00117	5.95714	0.726544
11719	-2.01737	5.91109	4.01494e-05
11719	-2.00559	5.91858	5.70585e-05
11719	-2.01575	5.92323	0.000150927
11719	-2.01225	5.93255	24.2604
