event	Eta	Phi	pT
63750	0.742183	0.732569	2.9655
63750	0.801672	1.12928	14.5303
63750	1.01929	0.973872	4.43485
63750	0.833529	0.840841	3.23858
63750	0.950042	0.866554	3.81032e-05
63750	0.770795	0.900312	3.86991e-05
63750	0.839972	1.02612	6.38666
63750	0.835972	1.03651	3.31909
63750	0.807064	0.994057	7.37917e-05
63750	0.811345	0.984145	2.06815e-05
63750	0.85601	1.00202	7.82159
63750	0.895091	1.00275	13.5046
63750	0.821537	0.979962	4.50463e-05
63750	0.9371	0.902295	0.959688
63750	0.847	0.874134	1.66694
63750	0.859773	0.917221	8.14611
63750	0.880512	0.90453	5.79888
63750	0.902767	0.935589	5.13675
63750	0.891901	0.952974	3.35334e-05
63750	0.894327	0.92419	9.03991e-05
63750	0.879854	0.935575	7.67544
63750	0.881356	0.932441	3.44702
