event	Eta	Phi	pT
187237	-1.74389	0.199085	1.9233
187237	-1.92948	0.325381	1.89611
187237	-1.62598	0.877061	1.83326
187237	-1.52372	0.832743	1.63111
187237	-1.46054	0.74515	2.64539e-05
187237	-1.67621	0.754483	7.99003
187237	-1.47886	0.637336	2.20454
187237	-1.45659	0.507339	4.4301
187237	-1.6616	0.327704	2.88922e-05
187237	-1.65389	0.4891	5.81718e-05
187237	-1.58593	0.440647	14.558
187237	-1.73676	0.480973	13.3074
187237	-1.65489	0.620117	1.74721
187237	-1.66607	0.580468	2.42866
187237	-1.72698	0.554334	8.43865e-05
187237	-1.71124	0.567581	1.96443
187237	-1.68731	0.591382	4.26719e-05
187237	-1.7296	0.578204	2.77182
187237	-1.72071	0.618488	9.37481
