event	Eta	Phi	pT
135363	0.866017	4.28384	8.43887
135363	0.727817	3.60279	2.72221
135363	1.00805	3.77351	1.0389
135363	0.753786	3.7042	6.76171
135363	0.60111	4.08563	2.7164e-05
135363	0.625605	4.08205	4.33188e-05
135363	0.686572	4.07213	4.2211
135363	0.669061	4.02234	2.59191
135363	0.662893	3.96057	8.27987
135363	0.945503	3.81664	3.48031e-05
135363	0.93346	3.83504	5.43676
135363	0.769343	3.82282	3.81893e-05
135363	0.716446	3.86695	4.48195e-05
135363	0.97651	3.97494	2.10019e-05
135363	0.751151	4.04894	1.4982
135363	0.785831	3.86427	2.36402
135363	0.920949	3.95335	4.77773e-05
135363	0.878137	3.9711	13.2704
135363	0.775521	3.88487	3.89833e-05
135363	0.787189	3.89219	0.000108284
135363	0.806926	3.94668	12.9212
