event	Eta	Phi	pT
27209	1.03047	0.44188	1.91988
27209	0.710398	0.563201	5.14436
27209	0.826471	0.57354	3.44231e-05
27209	0.806502	0.552937	1.15049
27209	0.822983	0.530645	6.46291
27209	0.828753	0.471366	3.77695
27209	0.88968	0.358941	1.42882
27209	0.833884	0.388316	4.55879e-05
27209	0.783921	0.379138	2.34657
27209	0.883698	0.264543	1.22445
27209	0.748563	0.370949	4.43838e-05
27209	0.84638	0.205207	3.72338e-05
27209	0.689844	0.217696	2.3759e-05
27209	0.849722	0.231049	2.76784e-05
27209	0.725984	0.306302	3.75922
27209	0.721887	0.245423	1.65084
27209	0.770692	0.30427	2.22598e-05
27209	0.784981	0.295078	1.43068
27209	0.766941	0.268203	5.02927
27209	0.777249	0.283558	1.58108
27209	0.80345	0.247623	5.28531
27209	0.745014	0.202197	2.74177e-05
27209	0.769066	0.230377	3.29536
27209	0.767732	0.2266	5.6262
