event	Eta	Phi	pT
5511	0.635182	4.80235	10.237
5511	0.569855	4.82153	4.28561e-05
5511	0.550308	5.32428	10.0398
5511	0.569211	5.30475	24.7325
5511	0.677709	5.25156	16.3499
5511	0.632575	5.26056	1.09984
5511	0.534757	5.26203	6.85179
5511	0.572466	5.25113	6.38752e-05
5511	0.574924	5.24353	6.57392e-05
5511	0.549913	5.22405	9.43699
5511	0.553341	5.21297	0.000111006
5511	0.590206	5.21757	0.000334302
5511	0.574562	5.21665	0.00024479
5511	0.597064	5.21365	4.74445
5511	0.554255	5.21028	3.4894
5511	0.623375	5.1287	6.44813e-05
5511	0.576294	5.13585	56.587
5511	0.583332	5.16552	72.6905
