event	Eta	Phi	pT
192881	1.92744	1.48318	4.23704
192881	1.93664	1.37441	14.9168
192881	2.16191	1.41943	0.918078
192881	1.87585	1.17083	3.42787e-05
192881	1.84981	1.16135	5.9727
192881	2.10984	1.3975	5.31696e-05
192881	1.90012	1.24829	1.33707
192881	2.17161	1.29617	0.853719
192881	2.03062	1.24777	0.000151934
192881	2.00105	1.16546	5.3522
192881	2.09676	1.20215	9.65505e-05
192881	2.07185	1.15738	0.000136791
192881	2.13314	1.1254	22.5618
192881	2.26525	1.09259	0.483568
192881	2.2571	1.08005	3.37269
