event	Eta	Phi	pT
80706	-0.332238	1.39682	2.25444e-05
80706	-0.51519	1.07387	1.33201
80706	-0.0911597	0.888945	6.78622
80706	-0.191092	1.26578	3.03037
80706	-0.117413	1.16422	10.2793
80706	-0.405009	1.22043	2.82937e-05
80706	-0.141781	1.06277	1.13322
80706	-0.161003	1.09012	0.000124154
80706	-0.17359	1.10776	3.1899
80706	-0.177948	1.02214	4.52002
80706	-0.193709	1.1117	3.39805
80706	-0.306921	0.922848	3.59565
80706	-0.241216	0.967988	2.31076e-05
80706	-0.309036	0.940609	2.51405e-05
80706	-0.397834	1.08328	2.33014e-05
80706	-0.28635	1.11342	9.40829e-05
80706	-0.275036	1.04247	0.000120493
80706	-0.310063	1.09313	9.44054
80706	-0.319535	1.03928	17.7012
80706	-0.34465	1.06416	11.1337
