event	Eta	Phi	pT
43297	-1.18327	6.14275	1.15071
43297	-1.52247	6.20831	1.84353
43297	-1.5349	6.26516	2.26263e-05
43297	-1.55069	0.301001	4.65225
43297	-1.41773	6.25527	2.91277
43297	-1.41489	0.297454	1.40469
43297	-1.48118	0.0992527	4.64748e-05
43297	-1.48747	0.201338	6.52938e-05
43297	-1.4895	0.18053	2.77532
43297	-1.42925	0.221489	3.87898
43297	-1.46199	0.183716	8.92755e-05
43297	-1.41559	0.144722	3.85058e-05
43297	-1.42873	0.142253	10.6758
43297	-1.37831	0.135962	7.20188
43297	-1.40204	0.145293	3.23655
43297	-1.38844	0.163669	7.41764
43297	-1.37413	0.159087	4.06275
