event	Eta	Phi	pT
180996	0.0695178	1.81152	6.13028
180996	0.486909	1.62042	2.64768
180996	0.206892	1.1166	4.85724
180996	0.352549	1.25191	5.68131e-05
180996	0.341283	1.61905	3.42305
180996	0.287361	1.31493	2.27056e-05
180996	0.256983	1.22381	6.7046e-05
180996	0.200831	1.28043	16.0223
180996	0.305357	1.3992	2.42725
180996	0.241663	1.46091	1.11662
180996	0.214102	1.43603	2.72535
180996	-0.0401136	1.44952	2.0043
180996	0.0473796	1.61894	4.05822e-05
180996	0.0683572	1.60021	4.27426e-05
180996	0.0319378	1.5869	2.2792
180996	0.0556432	1.58957	1.13254
180996	0.00568665	1.49548	2.22317
180996	0.117218	1.5455	3.29539
180996	0.0829399	1.51733	8.13644
180996	0.0909276	1.48967	2.70714
180996	0.0814305	1.45999	12.5746
