event	Eta	Phi	pT
22492	-0.535015	1.79272	2.68225
22492	-0.838939	1.36467	5.03828
22492	-0.631356	1.73337	1.5151
22492	-1.12311	1.52549	1.40835
22492	-0.806126	1.88755	1.88271
22492	-0.828849	1.52637	3.78124
22492	-0.966613	1.537	2.90228
22492	-0.922959	1.52935	2.41252
22492	-0.791338	1.78315	2.84079e-05
22492	-0.796583	1.62747	2.59924e-05
22492	-0.790622	1.67792	1.10464
22492	-0.939652	1.76634	7.75758
22492	-0.833972	1.60105	3.63626e-05
22492	-0.872116	1.64368	8.45712
22492	-0.898977	1.66286	0.000112225
22492	-0.915242	1.70787	6.36366
22492	-0.897135	1.69138	4.76449e-05
22492	-0.906064	1.69097	5.19513
