event	Eta	Phi	pT
75244	1.17545	1.28999	2.69927e-05
75244	1.5466	1.50487	3.8366
75244	1.62888	1.4332	2.81575e-05
75244	1.54981	0.970015	8.12116
75244	1.52373	1.44738	4.03785
75244	1.40343	1.38397	2.64248
75244	1.48615	1.39587	6.906
75244	1.56735	1.3774	2.87556
75244	1.32915	1.26227	9.9194e-05
75244	1.48685	1.04673	3.58153
75244	1.53078	1.3351	3.55465e-05
75244	1.37254	1.17297	9.20742
75244	1.57649	1.10452	0.998015
75244	1.5338	1.09762	7.2586e-05
75244	1.58795	1.15642	1.40848
75244	1.55114	1.12186	1.4483
75244	1.4833	1.1108	5.66464
75244	1.45365	1.1269	6.16388
75244	1.56022	1.13911	4.60849
75244	1.52641	1.12174	6.93851e-05
75244	1.52311	1.12958	8.966e-05
75244	1.52327	1.14274	12.1022
75244	1.56987	1.23126	4.75988e-05
75244	1.50408	1.15403	0.00044443
75244	1.53449	1.16578	10.6992
75244	1.5125	1.1589	8.28225e-05
75244	1.54917	1.20451	3.1135
75244	1.514	1.17238	3.10489
75244	1.53815	1.19487	5.73078
75244	1.50833	1.17174	0.000498397
75244	1.49373	1.17017	6.71445e-05
75244	1.51188	1.18737	9.45263
75244	1.51546	1.19071	0.000131984
75244	1.48141	1.24128	33.2322
75244	1.51615	1.19928	5.51719
75244	1.51829	1.2205	4.38227
75244	1.49535	1.21725	115.285
