event	Eta	Phi	pT
179278	2.11522	5.1051	2.98932e-05
179278	1.89603	5.60592	0.564202
179278	1.96859	5.54502	4.40882
179278	2.10556	5.26214	1.58399
179278	1.87172	5.54546	0.771177
179278	1.9462	5.53962	3.45731e-05
179278	1.7706	5.47141	1.85251
179278	1.73751	5.31358	3.56597e-05
179278	1.75687	5.38057	4.59353
179278	2.04143	5.26302	4.63075
179278	1.89129	5.4764	1.97759
179278	1.88456	5.2165	4.42111e-05
179278	2.01077	5.35194	0.838918
179278	1.8839	5.41471	2.46328
179278	1.85007	5.35537	1.24918
179278	1.93889	5.3886	8.32083e-05
179278	1.89622	5.31147	10.6199
179278	1.91507	5.33183	57.1492
