event	Eta	Phi	pT
176646	-0.613999	4.49937	3.05269
176646	-0.530003	5.09413	6.21911
176646	-0.596406	4.59411	8.75434e-05
176646	-0.617553	4.6338	2.43261e-05
176646	-0.582594	4.6881	7.8675
176646	-0.944398	4.8573	4.3068
176646	-0.782034	4.83708	3.38928
176646	-0.893703	4.6009	1.02904
176646	-0.805371	4.83147	0.000202014
176646	-0.798387	4.80468	2.32273
176646	-0.845635	4.80092	9.11091e-05
176646	-0.863619	4.71962	30.4364
176646	-0.603457	4.89201	4.36726e-05
176646	-0.59814	4.93728	2.82966
176646	-0.923163	5.08367	2.18293
176646	-0.671775	5.08583	4.72301e-05
176646	-0.707622	4.8687	1.64569
176646	-0.818771	5.09087	1.86843
176646	-0.797159	4.852	9.17218e-05
176646	-0.852566	4.91762	4.74969e-05
176646	-0.799329	4.96918	31.5727
