event	Eta	Phi	pT
186246	0.563508	1.83752	4.87113
186246	0.300438	2.24411	2.57679
186246	0.345592	2.20063	4.03058e-05
186246	0.372434	1.89356	1.67798
186246	0.300754	1.94867	0.926642
186246	0.278939	2.03829	3.16124
186246	0.306272	2.01685	3.85604e-05
186246	0.522955	1.99589	4.46999e-05
186246	0.396711	2.03799	2.03788e-05
186246	0.419013	2.07598	4.28754
186246	0.50954	2.05766	2.54934
186246	0.477608	1.98644	1.20694
186246	0.433468	2.00955	2.21053
186246	0.439544	2.01231	0.000192454
186246	0.453023	2.02772	4.507
186246	0.467184	2.03365	17.7954
186246	0.327799	2.08475	1.13753
186246	0.367639	2.08714	0.000148077
186246	0.355388	2.06984	11.0852
