event	Eta	Phi	pT
2946	-0.901436	0.813751	5.15746
2946	-1.25331	0.302953	2.66856e-05
2946	-1.23619	0.578862	2.48436
2946	-1.02997	0.678315	4.05834
2946	-1.20602	0.339907	5.03018
2946	-0.901887	0.312427	3.28777
2946	-0.890117	0.562829	3.33692e-05
2946	-1.01857	0.605194	4.66346
2946	-0.960325	0.56057	3.78949e-05
2946	-0.965923	0.571851	2.71625
2946	-0.959546	0.524114	4.14131
2946	-1.07674	0.528963	1.27922
2946	-0.927923	0.442044	6.11845e-05
2946	-1.03823	0.521147	8.36172e-05
2946	-1.10075	0.434302	5.88056
2946	-1.02713	0.472229	5.83578
2946	-0.97567	0.44904	0.000104815
2946	-0.97176	0.424693	5.4833e-05
2946	-1.01327	0.37606	14.1652
