event	Eta	Phi	pT
160836	0.422877	2.71371	3.61215
160836	-0.0259796	2.64202	0.855303
160836	0.010182	2.68413	0.980559
160836	0.187284	2.74011	0.851977
160836	0.0118002	2.97907	6.24082
160836	0.0854062	3.00674	4.21141e-05
160836	0.0270135	2.90805	8.46702e-05
160836	0.153196	2.78769	6.17757e-05
160836	0.172821	2.7994	0.970409
160836	0.160281	2.81585	2.23201
160836	0.0739169	2.83562	0.946306
160836	0.0706517	2.89768	3.4209
160836	0.101913	2.84717	12.4777
160836	0.0853114	2.87517	1.2556
160836	0.156223	2.86229	0.000124954
160836	0.125593	2.88698	36.1749
