event	Eta	Phi	pT
185399	0.11785	6.15031	2.30625
185399	-0.0608926	0.392413	1.55726
185399	0.321609	0.0752452	0.935927
185399	-0.0333075	0.324026	6.68334
185399	0.0556199	0.379926	1.36659
185399	0.16957	0.275954	2.52872e-05
185399	0.147212	0.32596	17.025
185399	0.205327	0.224272	7.06836e-05
185399	0.213954	0.265305	13.6211
185399	0.12022	0.260111	11.3639
185399	0.170115	0.262444	0.000140448
185399	0.166762	0.241898	9.32279
185399	0.101372	0.217177	0.000125519
185399	0.16842	0.199785	0.000118769
185399	0.164849	0.14772	25.4534
