event	Eta	Phi	pT
102036	1.21009	0.408689	2.29275
102036	1.412	0.947114	1.18944
102036	1.53115	0.859838	6.03295
102036	1.33557	0.697566	4.37704
102036	1.46327	0.338064	5.10996
102036	1.38694	0.7365	3.42285e-05
102036	1.65401	0.749558	1.59217
102036	1.37371	0.544499	5.97332e-05
102036	1.40392	0.483944	4.05892e-05
102036	1.59359	0.698013	5.14073
102036	1.64896	0.603045	3.94886
102036	1.57961	0.621468	0.000111272
102036	1.49077	0.565457	4.00228e-05
102036	1.49941	0.513582	5.47896
102036	1.60374	0.505189	4.95697e-05
102036	1.54379	0.591857	5.83235e-05
102036	1.52593	0.549899	4.04806
102036	1.55897	0.539443	7.3957
102036	1.57816	0.529984	6.79955
