event	Eta	Phi	pT
128381	0.443506	3.396	2.3164e-05
128381	0.793586	3.40218	1.93707
128381	0.698245	2.78255	6.49442
128381	0.649053	3.33941	1.02794
128381	0.84242	3.08025	2.4426e-05
128381	0.816225	3.10311	9.17799
128381	0.682364	3.20073	10.639
128381	0.731925	3.12679	4.0907
128381	0.561615	3.1896	4.57097
128381	0.467269	3.11596	2.23917
128381	0.729655	3.00021	3.01408e-05
128381	0.613588	3.13357	4.95903e-05
128381	0.48284	3.04342	2.95112e-05
128381	0.483339	3.03934	3.04659
128381	0.528425	2.95672	4.92129
128381	0.673763	3.07989	0.000160578
128381	0.626502	3.09733	6.94077e-05
128381	0.625247	2.99575	4.4873e-05
128381	0.613206	3.0134	38.2922
