event	Eta	Phi	pT
25558	-2.27032	0.64334	2.24101e-05
25558	-2.19894	1.09083	4.94242e-05
25558	-2.17869	0.914576	9.49225
25558	-2.33644	1.08145	5.81557e-05
25558	-2.72317	0.930245	0.767752
25558	-2.54801	1.09907	5.31449
25558	-2.36403	0.840599	1.49657
25558	-2.39219	1.00651	3.36742e-05
25558	-2.65226	0.930865	2.91327
25558	-2.59126	0.899656	15.1405
25558	-2.40956	0.986216	4.10379e-05
25558	-2.51857	0.951481	11.6423
25558	-2.48833	0.959784	4.9281
25558	-2.38805	0.873182	5.55878e-05
25558	-2.42762	0.921747	1.92034
25558	-2.45611	0.92802	4.52308
25558	-2.45523	0.879816	15.6213
