event	Eta	Phi	pT
167905	2.28689	4.69655	0.660827
167905	1.74417	4.3907	2.29745
167905	2.03628	4.89252	3.46729
167905	2.11442	4.72572	8.8256e-05
167905	2.08319	4.69877	6.50272
167905	2.06572	4.7637	7.1399
167905	2.08153	4.78861	1.93189
167905	1.97556	4.90173	0.75131
167905	1.61823	4.66668	2.95978
167905	1.92197	4.88386	1.50352
167905	1.97468	4.7974	3.48808e-05
167905	1.86856	4.84712	1.96801
167905	1.96295	4.78647	1.91244
167905	1.73629	4.70594	2.74637
167905	1.76554	4.73235	7.83387e-05
167905	1.79592	4.73775	7.86266
167905	1.87752	4.6874	7.40156e-05
167905	1.82944	4.68161	1.56097
167905	1.85398	4.627	14.9795
