event	Eta	Phi	pT
76568	-1.88726	2.92732	2.23512
76568	-1.32878	3.10161	1.18256
76568	-1.52272	3.35054	2.30758
76568	-1.54621	3.3086	3.07949
76568	-1.43316	3.25519	2.36747
76568	-1.41367	3.20228	4.31131
76568	-1.48094	3.16925	7.64154e-05
76568	-1.5127	3.12866	0.000142464
76568	-1.52434	3.15667	12.5814
76568	-1.29156	2.4793	4.55422e-05
76568	-1.24602	2.56447	1.38633
76568	-1.31837	2.53067	3.74556e-05
76568	-1.70265	2.99003	1.44178
76568	-1.26695	2.91708	2.02816e-05
76568	-1.40986	3.05161	5.54667e-05
76568	-1.59345	3.01617	2.38962
76568	-1.46954	2.62902	1.75655
76568	-1.48485	2.64836	7.70616e-05
76568	-1.57273	2.68861	3.56088
76568	-1.48411	2.69089	6.93971e-05
76568	-1.36818	2.79194	4.39218
76568	-1.49694	2.74099	5.02875
76568	-1.44605	2.91973	3.54217
76568	-1.47329	2.82104	2.47295
76568	-1.54123	2.86147	9.21423
