event	Eta	Phi	pT
107958	-1.19498	5.19596	1.23597
107958	-0.680809	5.17215	1.10717
107958	-0.703022	5.14536	1.10285
107958	-0.724207	5.09136	2.75508
107958	-0.836732	5.29771	3.13095
107958	-0.778841	5.05888	2.16225
107958	-0.790342	5.09061	4.15745
107958	-0.794865	5.16929	1.65325
107958	-0.802501	5.12444	3.04669
107958	-0.852054	5.07271	5.31158
107958	-0.828864	5.13118	1.86238
107958	-1.0044	5.26291	6.24474
107958	-1.05276	5.11466	3.11986
107958	-1.02439	5.08955	2.81482
107958	-0.964377	5.09674	5.26193e-05
107958	-0.95357	5.19326	4.0692e-05
107958	-0.983763	5.17226	0.000146811
107958	-0.960971	5.14932	16.4246
