event	Eta	Phi	pT
194501	-0.924633	2.67079	2.45746e-05
194501	-0.922531	2.51213	8.24014e-05
194501	-0.949696	2.3955	19.9073
194501	-0.671292	2.62723	0.869623
194501	-0.761315	2.55311	2.12952
194501	-0.761617	2.29258	2.21926e-05
194501	-0.760938	2.43653	2.56568
194501	-0.681937	2.53572	7.01045e-05
194501	-0.651713	2.52527	1.07702
194501	-0.676908	2.38035	9.09379
194501	-0.384951	2.29027	2.48098e-05
194501	-0.518105	2.46856	1.1066
194501	-0.452602	2.25966	3.75124e-05
194501	-0.572339	2.35897	6.75366e-05
194501	-0.544208	2.35585	16.2715
194501	-0.456535	2.38339	1.2629
194501	-0.470339	2.33455	11.3086
