event	Eta	Phi	pT
14555	-0.862706	2.63447	2.25125e-05
14555	-0.874081	2.28223	4.54596e-05
14555	-0.690357	2.13597	5.30504
14555	-0.406887	2.17548	4.51025
14555	-0.661026	2.27218	5.16361e-05
14555	-0.534667	2.64296	12.2679
14555	-0.438466	2.56267	8.00335
14555	-0.603445	2.55198	5.12988e-05
14555	-0.570535	2.55685	2.52057e-05
14555	-0.62659	2.51066	3.05219e-05
14555	-0.652507	2.43773	8.7684
14555	-0.574482	2.53364	5.9319
14555	-0.506571	2.53702	0.000109972
14555	-0.598683	2.4171	0.974762
14555	-0.518528	2.48359	5.63861e-05
14555	-0.479974	2.48541	2.80806
14555	-0.490234	2.47819	0.000193045
14555	-0.500464	2.44718	7.38868
14555	-0.487864	2.42735	1.31504
14555	-0.486221	2.36339	30.5318
