event	Eta	Phi	pT
82527	-0.0936146	1.47404	2.26768
82527	0.224933	0.944776	2.96676
82527	0.523326	1.1861	2.45315e-05
82527	0.468393	1.09557	1.80388
82527	0.423159	1.37795	3.33749
82527	0.336509	1.4059	3.4168
82527	0.362203	1.13413	2.95633e-05
82527	0.030221	1.19372	2.61559
82527	0.122267	1.11997	1.89237
82527	0.227034	1.11387	2.95418e-05
82527	0.126913	1.30399	3.1794e-05
82527	0.135444	1.27929	1.56427
82527	0.170894	1.19502	15.7461
82527	0.242076	1.25025	18.0241
82527	0.210917	1.30277	0.000223356
82527	0.211778	1.28903	5.73766
82527	0.230209	1.28061	9.91813
82527	0.236607	1.29657	1.54617
