event	Eta	Phi	pT
55725	1.43918	3.79016	1.0177
55725	1.5875	3.81346	2.15229e-05
55725	1.41833	4.1219	2.45255e-05
55725	1.48284	4.00681	11.5512
55725	1.54942	4.01381	1.35014
55725	1.5632	4.05489	5.5628e-05
55725	1.66962	4.19685	6.3019
55725	1.59325	4.20374	8.25258
55725	1.61257	4.06792	2.04857
55725	1.56954	4.10341	0.000174913
55725	1.65923	4.15279	3.0725
55725	1.58583	4.14627	1.10877
55725	1.62649	4.16245	6.05922e-05
55725	1.59584	4.12662	5.27761
55725	1.59642	4.12508	0.00026504
55725	1.61064	4.12406	0.000384704
55725	1.62004	4.12717	112.133
