event	Eta	Phi	pT
38189	0.742689	4.25037	2.18831
38189	0.770485	3.98634	1.2803
38189	0.901704	3.86115	3.24861
38189	0.830186	4.07929	1.21004
38189	0.87303	4.08081	2.99487
38189	0.904409	4.1705	5.4387e-05
38189	1.01703	4.23206	3.76828e-05
38189	0.889562	4.08362	3.44936e-05
38189	0.926877	4.09528	1.91886
38189	1.13077	4.10214	9.52032
38189	0.982124	4.13142	3.33411
38189	0.959863	4.02823	2.9988
38189	0.998878	4.10552	7.68393
38189	1.10583	4.03408	2.10365
38189	1.10031	4.06228	4.39037
38189	1.05178	3.99935	2.35674
38189	1.08677	4.03662	0.000106603
38189	1.02784	4.0363	5.94748
38189	1.0405	4.06225	10.96
