event	Eta	Phi	pT
40804	1.64563	4.39888	3.18754
40804	1.40349	3.7166	4.28816e-05
40804	1.14532	3.94201	3.80684
40804	1.32515	4.37602	2.76071
40804	1.48863	3.80178	7.08755
40804	1.35828	4.30539	1.00158
40804	1.63061	4.0274	2.60209
40804	1.48296	4.09535	0.000148447
40804	1.4468	4.08539	7.88327e-05
40804	1.42664	4.07927	0.000160056
40804	1.42429	4.07293	0.000148278
40804	1.40616	3.94432	3.77598e-05
40804	1.39844	4.03388	0.000100941
40804	1.44056	4.03377	0.000184308
40804	1.44041	4.0487	16.5211
40804	1.4287	3.95779	12.9426
40804	1.47	3.95444	2.21143
40804	1.46647	4.01612	17.3329
40804	1.49108	4.00234	2.56937
40804	1.46824	3.9863	24.6114
40804	1.36828	4.23333	4.00749e-05
40804	1.4228	4.10075	0.000115794
40804	1.44834	4.17002	53.9682
40804	1.50326	4.12722	16.3678
