event	Eta	Phi	pT
16015	0.528455	2.64723	1.79424
16015	0.453976	2.54157	25.3478
16015	0.27903	2.00275	4.47548e-05
16015	0.468592	2.07409	3.34901e-05
16015	0.473647	2.12794	3.00288
16015	0.437063	2.31159	4.39491e-05
16015	0.23894	2.19851	1.85894
16015	0.268197	2.19298	4.34989e-05
16015	0.389393	2.13244	2.50544
16015	0.269542	2.12856	2.03754e-05
16015	0.331209	2.17037	8.59879
16015	0.317318	2.13107	4.4275
16015	0.362341	2.33065	4.29718e-05
16015	0.306018	2.2695	4.11081
16015	0.286535	2.2856	7.87874
