event	Eta	Phi	pT
48539	-1.78746	3.90632	1.49185
48539	-1.96658	4.3249	0.762964
48539	-1.88649	4.08236	1.46923
48539	-1.59493	4.52331	2.39676
48539	-1.48458	4.44592	11.4198
48539	-1.39633	4.09296	4.29093
48539	-1.78442	4.03637	3.52511
48539	-1.49819	4.09284	4.92908
48539	-1.4499	4.21757	5.2166e-05
48539	-1.50767	4.23317	10.463
48539	-1.67053	4.37487	1.10395
48539	-1.53428	4.18967	3.68912e-05
48539	-1.77102	4.21183	1.02161
48539	-1.55854	4.18975	0.000138517
48539	-1.56706	4.2321	0.000377316
48539	-1.69356	4.18135	6.68567
48539	-1.7109	4.305	5.86548e-05
48539	-1.61651	4.30521	4.14911e-05
48539	-1.59615	4.27684	0.000108747
48539	-1.65118	4.25041	39.7939
