event	Eta	Phi	pT
72810	0.809316	3.95686	4.03249
72810	0.551252	3.88368	0.952799
72810	0.637004	3.93202	2.36645
72810	0.777077	3.89622	3.18986
72810	0.627593	3.82214	3.84468
72810	0.819851	3.82191	5.96252e-05
72810	0.763092	3.83367	1.73511
72810	0.643353	3.76464	1.57638
72810	0.866537	3.59978	3.17509
72810	0.651867	3.69394	1.01827
72810	0.779601	3.72349	9.77117e-05
72810	0.758583	3.72819	7.579e-05
72810	0.739496	3.72256	6.21666
72810	0.658841	3.67916	3.12688
72810	0.84663	3.57616	2.52378e-05
72810	0.735024	3.68301	3.22426e-05
72810	0.745666	3.67402	3.48294
72810	0.73762	3.64963	1.37682
72810	0.728934	3.63736	2.64243
72810	0.750621	3.63116	4.20536
72810	0.767646	3.56891	4.24175
72810	0.739069	3.58734	16.3025
