event	Eta	Phi	pT
66309	0.988315	4.52449	10.8317
66309	1.14413	4.29959	4.18541e-05
66309	0.980699	4.36073	33.1178
66309	1.14792	4.16197	3.63286
66309	0.874544	4.27921	5.972
66309	0.807224	4.2321	1.3151
66309	0.976794	4.22852	0.0001085
66309	1.00771	4.21383	5.44224e-05
66309	0.917376	4.22847	5.12983e-05
66309	0.945712	4.21511	7.68544e-05
66309	0.95808	4.19464	2.5253e-05
66309	1.0021	4.14215	4.86521
66309	0.960112	4.14386	0.000185715
66309	0.886975	4.02943	4.49533
66309	0.893913	4.1634	1.9693
66309	0.892085	4.10173	27.3626
66309	1.02108	4.12893	2.16772e-05
66309	0.975358	4.09667	0.000130628
66309	0.981003	4.04795	31.0984
