event	Eta	Phi	pT
133790	1.1805	0.587523	1.57357
133790	0.527845	0.753527	8.1945
133790	0.740009	0.442014	0.963128
133790	0.701143	0.487952	2.1572e-05
133790	0.961951	0.616026	1.01276
133790	1.00005	0.594656	14.5502
133790	0.942177	0.647298	7.20329e-05
133790	0.907654	0.583304	1.7003
133790	0.921962	0.615075	11.268
133790	0.911113	0.716364	4.94773
133790	0.790309	0.653645	13.5009
133790	0.712878	0.643612	3.52718e-05
133790	0.696762	0.675591	2.22767
133790	0.717933	0.686919	3.07301
133790	0.703485	0.721501	1.14008
133790	0.773257	0.788243	3.1719
133790	0.754819	0.798333	1.06595
133790	0.736046	0.749975	8.34713
133790	0.738851	0.765761	5.89189
