event	Eta	Phi	pT
114089	0.595314	0.784907	4.91373e-05
114089	0.567768	0.828502	2.91741e-05
114089	0.201802	0.598955	9.08847e-05
114089	0.253025	0.47167	28.4918
114089	0.226324	0.543752	2.74354
114089	0.399784	0.698073	2.12477
114089	0.26171	0.62222	1.32027
114089	0.346196	0.737557	1.7927
114089	0.22579	0.663903	4.97747e-05
114089	0.131572	0.681817	4.77865e-05
114089	0.210944	0.663831	0.000100185
114089	0.209595	0.67561	6.63521e-05
114089	0.173795	0.732116	1.70219
114089	0.1938	0.698578	5.80401
114089	0.196271	0.721752	2.99248e-05
114089	0.191078	0.715418	5.13204
114089	0.213529	0.762033	9.91696
114089	0.179901	0.854899	22.5893
