event	Eta	Phi	pT
49912	-0.429803	0.559207	4.58223e-05
49912	-0.424245	0.709071	2.95973
49912	-0.395349	0.658647	2.23781
49912	-0.0630353	0.811887	3.86603
49912	-0.287576	0.663119	1.79223
49912	-0.178046	0.774068	2.41758e-05
49912	-0.22059	0.586043	1.12136
49912	-0.223752	0.633185	8.22233
49912	-0.0513236	0.612475	0.000124534
49912	-0.0879124	0.592451	8.66229e-05
49912	-0.105458	0.582898	16.387
49912	-0.129951	0.702118	6.72471e-05
49912	-0.148216	0.692821	4.40362
49912	-0.0869152	0.763401	2.27348e-05
49912	-0.0998827	0.717534	3.20473
49912	-0.050188	0.738032	1.71714
49912	0.016718	0.702551	0.974341
49912	-0.0757287	0.703459	6.94346e-05
49912	-0.00722133	0.697158	5.79327e-05
49912	-0.0387812	0.662722	3.38647
49912	-0.0320455	0.672793	6.16903
