event	Eta	Phi	pT
126298	-1.18691	4.44408	2.11165
126298	-1.21563	4.55171	1.95219
126298	-1.47875	4.26576	9.80875
126298	-1.51786	4.3227	10.1112
126298	-1.67125	4.7224	3.51413
126298	-1.54069	4.71082	3.23122
126298	-1.4639	4.42669	4.34092e-05
126298	-1.43804	4.60508	0.93242
126298	-1.48763	4.4324	0.000100351
126298	-1.57186	4.66042	2.53287
126298	-1.55408	4.41899	2.73284e-05
126298	-1.6457	4.61002	3.19071e-05
126298	-1.66887	4.50638	1.54614
126298	-1.53475	4.51534	2.82767
126298	-1.6292	4.5092	7.5342
126298	-1.59247	4.57133	3.38406
126298	-1.5685	4.54637	3.59779
126298	-1.59041	4.53002	2.1709
126298	-1.60336	4.53009	4.03724e-05
126298	-1.59857	4.54143	9.4981
