event	Eta	Phi	pT
24574	-0.0700223	0.57122	1.0837
24574	-0.430774	0.296155	2.72615
24574	-0.542194	0.302057	2.12931e-05
24574	-0.517378	0.360443	10.2089
24574	-0.296543	0.834603	4.58766e-05
24574	-0.336201	0.803677	2.12536
24574	-0.359531	0.798362	5.36179
24574	-0.484283	0.462963	8.00689e-05
24574	-0.32812	0.585524	0.889438
24574	-0.395731	0.514248	3.89237
24574	-0.480584	0.490018	1.54413
24574	-0.360048	0.557329	2.92011e-05
24574	-0.555975	0.560796	2.55526
24574	-0.372481	0.648802	0.92468
24574	-0.384794	0.623435	4.17876e-05
24574	-0.506703	0.568697	0.000108116
24574	-0.449698	0.588087	3.01242
24574	-0.498758	0.601417	2.03396
24574	-0.46919	0.645067	16.3258
