event	Eta	Phi	pT
188732	-1.24859	4.84583	3.24251e-05
188732	-1.21192	4.60421	5.77603
188732	-1.05935	4.38703	2.32093e-05
188732	-1.14303	4.47177	6.35946e-05
188732	-0.788577	4.50286	4.26341e-05
188732	-0.849603	4.49888	1.87346
188732	-0.86179	4.46568	8.05861e-05
188732	-0.855691	4.44944	3.22917
188732	-0.817645	4.44688	15.903
188732	-0.940179	4.53944	6.33584
188732	-0.75674	4.61606	2.07516e-05
188732	-0.781989	4.60989	4.07942e-05
188732	-0.932548	4.62154	4.16712e-05
188732	-0.85218	4.61586	6.18748e-05
188732	-0.979278	4.65086	4.54739e-05
188732	-0.869872	4.66226	1.85058
188732	-0.796239	4.69538	3.53619
188732	-0.795641	4.79349	17.7232
188732	-0.971947	4.88305	9.23245
188732	-0.899762	4.68442	9.53474e-05
188732	-0.905948	4.8054	4.27399
188732	-0.90335	4.76531	2.30429
188732	-0.927384	4.76785	13.9072
