event	Eta	Phi	pT
26440	-0.411554	0.480718	3.12466
26440	-0.323092	6.12019	2.09416
26440	-0.124579	0.0169473	2.21259e-05
26440	-0.562802	6.26968	2.11284
26440	-0.43601	6.2096	8.83186
26440	-0.225151	0.313424	2.74347
26440	-0.556297	0.171167	3.77845e-05
26440	-0.486901	0.291201	1.73328
26440	-0.399967	6.28273	3.97398e-05
26440	-0.49948	0.174568	1.94534
26440	-0.484858	0.108728	4.9853e-05
26440	-0.46149	0.143356	2.94901e-05
26440	-0.47155	0.140929	5.22759
26440	-0.375668	0.193531	5.07082
26440	-0.292588	0.156729	7.36863
26440	-0.315383	0.145156	2.31761e-05
26440	-0.326231	0.136087	11.74
