event	Eta	Phi	pT
152484	0.854509	1.42479	3.18785
152484	0.829249	1.64949	3.26659e-05
152484	0.671633	1.24911	12.2652
152484	0.352518	1.84213	3.60916
152484	0.570709	1.31449	3.39381
152484	0.626433	1.57331	0.000115923
152484	0.607216	1.53224	3.0361e-05
152484	0.651301	1.5298	10.0154
152484	0.604938	1.43066	4.19185
152484	0.263978	1.46726	1.82313
152484	0.39811	1.41093	1.75797
152484	0.433625	1.43867	8.13722
152484	0.445031	1.49006	1.60517
152484	0.313228	1.60958	2.01134e-05
152484	0.524438	1.5385	5.13491e-05
152484	0.545723	1.61127	4.3989e-05
152484	0.456461	1.69101	7.1319
152484	0.364126	1.54193	2.01696e-05
152484	0.374213	1.60686	6.64512
152484	0.488203	1.52885	5.55846e-05
152484	0.500463	1.58889	1.77957
152484	0.408537	1.56654	2.6011
152484	0.425435	1.56791	1.30522
152484	0.474699	1.5853	0.000101956
152484	0.452766	1.59242	11.3708
