event	Eta	Phi	pT
142614	0.263443	6.03237	5.65196
142614	0.483036	5.94436	3.27845
142614	0.675119	0.238345	2.62011
142614	0.342183	0.19314	3.2666
142614	0.241511	6.17997	4.85e-05
142614	0.258795	0.0107285	2.99608e-05
142614	0.245435	0.0277636	4.64098
142614	0.290165	6.16832	2.95817e-05
142614	0.313222	6.13914	4.66127
142614	0.328374	0.0527045	3.00933
142614	0.34306	6.28157	3.14903e-05
142614	0.34416	0.00121375	6.40125e-05
142614	0.368249	6.22311	9.37319
142614	0.552689	6.06259	4.72697
142614	0.597192	6.08535	1.80478
142614	0.448641	6.17294	3.52743e-05
142614	0.422099	6.22303	8.92914
142614	0.680317	6.17926	4.87799
142614	0.484808	0.0721465	2.06666
142614	0.50986	6.25789	1.63288
142614	0.512716	0.0515696	3.81084
142614	0.676828	0.0194019	3.91602e-05
142614	0.670678	6.27758	8.72501
142614	0.560769	0.0453056	2.87611e-05
142614	0.623146	6.27581	1.25541
142614	0.643119	0.0026897	0.000118985
142614	0.603092	0.00674356	2.34921
142614	0.614596	0.0219943	2.88614
142614	0.653545	0.052215	3.46253e-05
142614	0.638128	0.0493321	5.54109e-05
142614	0.623517	0.0557035	12.7808
