event	Eta	Phi	pT
72403	-2.5551	0.711872	0.663901
72403	-2.20511	0.752274	1.00621
72403	-2.63566	1.14501	2.26311
72403	-2.35023	1.28434	2.48849e-05
72403	-2.47428	0.998613	12.3487
72403	-2.28826	1.14146	2.84286
72403	-2.37473	1.16818	6.19913e-05
72403	-2.35896	1.16557	0.881799
72403	-2.31394	1.14121	1.42234
72403	-2.3016	1.11462	3.1828
72403	-2.33587	1.08681	7.40666
72403	-2.32251	1.02829	7.46644e-05
72403	-2.34632	1.04413	4.4869
72403	-2.33447	1.05863	14.8749
72403	-2.36804	1.1194	1.92633
72403	-2.36353	1.1127	3.31514
72403	-2.35957	1.09334	8.73317e-05
72403	-2.381	1.08875	2.39909
72403	-2.37964	1.07612	4.0386
72403	-2.39826	1.06591	4.88119
72403	-2.39453	1.07788	15.1853
