event	Eta	Phi	pT
114451	0.154861	5.34963	3.54114
114451	0.170571	5.43253	2.03832
114451	-0.0752118	5.50603	7.07018
114451	0.162116	6.10262	1.48609
114451	0.0383362	6.04023	1.12964
114451	0.0163524	5.53612	2.10428e-05
114451	0.144841	5.50811	4.58843e-05
114451	-0.0786588	5.65798	7.31897e-05
114451	0.226267	5.90598	7.01013
114451	-0.0389131	5.72461	3.20227e-05
114451	0.109811	5.65072	0.000127451
114451	0.0708341	5.67097	8.92942e-05
114451	0.0737913	5.75773	9.90545
114451	0.197351	5.66749	4.36946e-05
114451	0.194331	5.7534	4.73559e-05
114451	0.142711	5.72151	21.1787
