event	Eta	Phi	pT
96231	1.74708	5.97563	2.24576
96231	1.62098	5.88001	2.0866
96231	1.4417	5.94032	7.29585
96231	1.29014	6.09113	2.25911e-05
96231	1.41164	0.03096	6.84741
96231	1.53847	6.01797	3.99373
96231	1.43494	6.2784	2.15099e-05
96231	1.49401	6.22644	1.57747
96231	1.45994	6.22891	11.7399
96231	1.54205	6.18546	4.40957e-05
96231	1.44142	6.18575	4.53204e-05
96231	1.43548	6.19028	5.78543
96231	1.45749	6.18767	4.50166e-05
96231	1.4066	6.14175	0.000104601
96231	1.46787	6.18054	2.88155
96231	1.44109	6.16861	0.00014341
96231	1.46965	6.16505	4.04055
96231	1.48598	6.1555	5.07318
96231	1.43579	6.12109	4.99755
96231	1.44894	6.12035	7.28317e-05
96231	1.45426	6.12008	3.4554e-05
96231	1.45114	6.07975	3.98224
96231	1.47206	6.09602	12.9301
