event	Eta	Phi	pT
89540	-0.289361	1.37277	1.23227
89540	-0.119706	1.50431	7.36498
89540	-0.341864	1.43553	3.25239
89540	-0.310845	1.96717	4.64806
89540	-0.142203	1.62357	9.59862e-05
89540	-0.378606	1.52004	1.10927
89540	-0.19008	1.85173	0.909177
89540	-0.466998	1.86269	3.31564e-05
89540	-0.263089	1.59869	3.82972
89540	-0.279574	1.60973	2.98253
89540	-0.346744	1.69247	11.7183
89540	-0.306306	1.81272	4.17258e-05
89540	-0.298155	1.76784	0.00018437
89540	-0.335493	1.80678	5.64478e-05
89540	-0.330119	1.77767	2.49299e-05
89540	-0.343106	1.77883	4.13956
89540	-0.382351	1.76352	4.30113
89540	-0.359136	1.76149	17.7833
