event	Eta	Phi	pT
179646	-2.04814	3.58961	3.72685
179646	-2.04356	3.67661	2.3345e-05
179646	-2.30356	3.76528	8.94143
179646	-2.24985	3.81108	7.30586e-05
179646	-2.19797	3.74839	22.4236
179646	-2.46034	3.92784	4.35535
179646	-2.35356	3.81402	5.61834e-05
179646	-2.33867	3.84949	2.05209
179646	-2.25823	3.8394	7.16504e-05
179646	-2.29715	3.84509	5.90383e-05
179646	-2.29107	3.87015	1.77952
179646	-2.26845	3.88709	1.48688
179646	-2.32789	3.94153	2.96749
179646	-2.29078	3.91464	7.40103
179646	-2.27593	3.96563	20.6431
