event	Eta	Phi	pT
32869	-1.08901	1.12751	2.79126
32869	-1.2301	1.7095	2.13601
32869	-1.08046	1.64135	5.38202
32869	-1.15353	1.6504	1.48319
32869	-1.25542	1.26977	2.07667e-05
32869	-1.30171	1.3216	5.77413
32869	-1.23612	1.59169	2.37695
32869	-1.05359	1.3993	2.21488
32869	-1.19979	1.38646	9.12957
32869	-1.07427	1.47819	2.04319e-05
32869	-1.22737	1.46103	4.76445e-05
32869	-1.21031	1.42743	8.83009e-05
32869	-1.17064	1.40682	3.45479
32869	-1.18476	1.46898	5.10229
32869	-1.15405	1.45716	3.36617
32869	-1.11407	1.4938	5.14433e-05
32869	-1.13773	1.49072	11.8249
