event	Eta	Phi	pT
27361	1.10387	3.33042	4.05465
27361	1.05822	3.25116	4.54815e-05
27361	1.39378	3.41556	1.30168
27361	1.62937	3.25083	1.60494
27361	1.156	3.21751	2.58532e-05
27361	1.47887	3.22182	2.80089e-05
27361	1.47432	3.22859	2.75619
27361	1.27695	3.20142	2.43882e-05
27361	1.3126	3.21592	4.9911
27361	1.29261	3.17574	1.6863
27361	1.52976	3.07286	2.10193
27361	1.35301	3.13853	4.29955
27361	1.37668	3.13738	3.00173
27361	1.30532	3.09109	4.00836e-05
27361	1.36959	3.08854	0.000166791
27361	1.36372	3.10064	4.89207
27361	1.30308	3.04258	4.26277e-05
27361	1.31072	2.92447	1.93936
27361	1.39958	3.05014	0.000104347
27361	1.37817	3.06461	8.24774
27361	1.42811	2.90702	2.64194
27361	1.4306	2.97807	11.9523
27361	1.38953	2.99809	3.69216e-05
27361	1.38622	2.95067	2.48925
27361	1.38848	2.97238	10.8926
