event	Eta	Phi	pT
82585	-0.54108	0.443956	2.52299e-05
82585	-0.489606	0.238115	3.26056
82585	-0.499248	0.141531	2.82411
82585	-1.07685	0.538526	1.34589
82585	-0.698781	0.40875	7.45114
82585	-0.69094	0.409927	6.58894
82585	-0.825219	6.15371	0.971777
82585	-0.882056	6.13913	3.94854
82585	-1.18009	0.150128	2.64454e-05
82585	-1.12646	0.0538437	5.73374
82585	-1.02638	6.27717	5.86284
82585	-1.11936	0.131115	9.07809e-05
82585	-1.12787	0.215253	1.60821
82585	-0.673324	0.125197	2.06798e-05
82585	-1.03816	0.0670662	4.98167e-05
82585	-0.928969	0.0176541	2.39494
82585	-0.880877	0.437912	1.25851
82585	-0.810739	0.294705	2.45535
82585	-0.796346	0.213193	0.878041
82585	-0.86433	0.287659	1.36258
82585	-0.848975	0.264376	6.69959
82585	-0.909549	0.143214	7.451e-05
82585	-0.861117	0.210062	2.0725e-05
82585	-0.920653	0.215447	14.498
