event	Eta	Phi	pT
139760	0.480446	2.09031	2.62378
139760	0.475427	2.11534	6.59843
139760	0.663054	1.70971	2.67521
139760	0.90785	1.82401	1.61575
139760	0.788142	1.75375	1.02099
139760	0.866554	1.96835	5.67208
139760	0.8226	2.02069	3.20774
139760	0.497508	2.00953	5.9651e-05
139760	0.628019	2.111	4.81345
139760	0.712163	1.87989	2.04851
139760	0.607064	1.87364	3.70204e-05
139760	0.664488	1.92311	1.62971
139760	0.617138	2.00359	1.47437
139760	0.695295	2.0289	1.47697
139760	0.671716	1.98336	10.4007
139760	0.606502	1.88814	2.42889e-05
139760	0.630841	1.92566	3.78082e-05
139760	0.606884	1.92065	5.75741
