event	Eta	Phi	pT
116738	0.570605	4.32055	1.94903
116738	0.592779	4.0077	2.03324e-05
116738	0.74627	4.30966	3.8549
116738	0.74379	4.31762	7.07648
116738	0.801939	4.21716	6.50048
116738	0.723692	4.10623	4.34118e-05
116738	0.858686	3.95904	14.4251
116738	0.916115	4.18636	3.66918e-05
116738	0.784123	4.09897	0.000126906
116738	0.841285	4.15301	7.72917
116738	0.839929	4.14095	0.000220859
116738	0.86719	4.14351	18.1015
116738	0.809294	4.06081	1.90798
116738	0.823312	4.10253	7.08395e-05
116738	0.883379	4.10567	2.45271
116738	0.895382	4.06739	6.20674
116738	0.907329	4.05626	24.9654
116738	0.831671	4.04219	0.000152604
116738	0.837877	4.0692	14.36
