event	Eta	Phi	pT
184652	2.28076	1.65728	7.27629
184652	2.10202	1.79516	4.00095
184652	2.26579	1.69395	2.35892e-05
184652	2.15366	1.75345	3.0588e-05
184652	2.32021	2.04368	4.09822
184652	2.16615	1.75824	0.6516
184652	2.1394	1.90132	1.0744
184652	2.19693	1.77374	0.000183911
184652	2.256	1.75298	3.32053
184652	2.19487	1.81674	0.000239203
184652	2.25889	1.78485	3.50066e-05
184652	2.23822	1.79685	7.61623
184652	2.32199	1.77777	1.4291
184652	2.21279	1.87441	1.06876
184652	2.27827	1.93316	5.2923e-05
184652	2.31569	1.90954	28.9935
