event	Eta	Phi	pT
145918	0.52904	2.06128	2.00498e-05
145918	0.445418	2.02087	3.18245e-05
145918	0.583202	1.92464	2.03407
145918	0.550942	1.86776	2.77427
145918	0.577058	1.54336	2.07109e-05
145918	0.419167	1.47393	0.984887
145918	0.43999	1.48353	2.57728
145918	0.222402	1.83995	2.06668
145918	0.30981	1.8688	1.99999
145918	0.241559	1.75285	1.21933
145918	0.490669	1.8033	1.01845
145918	0.49119	1.60663	0.882772
145918	0.455322	1.59545	6.28104
145918	0.43864	1.7824	2.42809e-05
145918	0.390058	1.79491	2.3325
145918	0.449504	1.68846	7.35764e-05
145918	0.372375	1.66278	10.1209
145918	0.379594	1.77233	1.10094
145918	0.386109	1.73735	2.72388
145918	0.377344	1.72228	2.52966
145918	0.383944	1.71553	11.721
