event	Eta	Phi	pT
188523	-2.02681	5.72279	0.8066
188523	-2.25182	5.94762	2.16021
188523	-1.88287	5.88607	1.4017
188523	-2.17988	6.17417	2.95934
188523	-2.1952	6.12286	2.73093e-05
188523	-2.05328	5.9025	0.617112
188523	-2.14667	6.06036	19.9049
188523	-1.99065	6.20126	5.21899
188523	-1.8444	5.96872	1.69997
188523	-2.02132	6.10992	7.81529e-05
188523	-1.93402	6.02858	2.09121
188523	-1.95335	6.0278	9.71196
188523	-1.98638	6.07298	0.000169224
188523	-1.97335	6.06991	5.44948
188523	-1.98388	6.04952	21.4886
