event	Eta	Phi	pT
194865	-1.7738	4.31756	2.30337
194865	-1.88026	4.30347	2.84062
194865	-1.71757	4.2637	2.2258
194865	-2.05648	4.08637	0.758539
194865	-1.72319	4.23451	1.36529
194865	-1.77146	4.20477	2.45496e-05
194865	-1.74471	4.18781	2.83396
194865	-1.95637	4.12245	2.46431e-05
194865	-1.80127	4.15349	9.41824
194865	-1.95598	3.77586	0.701265
194865	-1.74948	4.11375	6.92692e-05
194865	-1.66339	4.04172	3.53441e-05
194865	-1.62877	3.95377	2.57682
194865	-1.95179	4.01112	0.896819
194865	-1.85267	4.07696	2.24738e-05
194865	-1.67653	3.98391	1.51032
194865	-1.764	3.78757	4.99921
194865	-1.77327	4.05602	9.13485e-05
194865	-1.73767	3.86798	2.77282
194865	-1.72626	3.95052	3.69842
194865	-1.75474	3.94221	3.81298
194865	-1.82463	3.87391	8.10014
194865	-1.89463	4.03338	7.43642e-05
194865	-1.80699	3.91375	2.0606e-05
194865	-1.85912	3.9598	4.45401e-05
194865	-1.87228	3.95306	14.7542
