event	Eta	Phi	pT
122004	2.02425	3.74814	5.53389
122004	1.87583	3.97542	2.88627
122004	1.67147	4.03599	4.92963
122004	1.89524	3.80132	8.25176
122004	1.498	3.52337	2.23721
122004	1.66265	3.92105	3.493e-05
122004	1.69272	3.89068	2.68385e-05
122004	1.5412	3.8485	2.82676e-05
122004	1.73008	3.73815	5.66503
122004	1.65464	3.68761	6.64946
122004	1.63865	3.69213	9.44338
122004	1.56867	3.75169	0.000123009
122004	1.60472	3.75467	4.24463
122004	1.63311	3.77771	7.4285
122004	1.61875	3.76709	0.000172299
122004	1.61525	3.77102	8.91984
