event	Eta	Phi	pT
75915	0.479595	0.341268	2.89905
75915	0.460041	0.75225	1.10969
75915	0.56805	0.687362	2.21805
75915	0.419804	0.408395	5.34117e-05
75915	0.475445	0.66384	4.31319
75915	0.49921	0.652081	0.000118944
75915	0.465235	0.660691	2.18706
75915	0.483502	0.647113	1.37243
75915	0.477648	0.458166	2.64849
75915	0.448682	0.621727	1.04868
75915	0.517041	0.573057	2.33133
75915	0.443844	0.615172	9.68547e-05
75915	0.465458	0.591162	3.31763e-05
75915	0.482348	0.5079	0.000155086
75915	0.403995	0.529826	3.78973
75915	0.479927	0.553899	0.000367581
75915	0.447579	0.536549	71.7786
