event	Eta	Phi	pT
45686	-2.27603	1.23345	0.981385
45686	-1.99643	1.24244	0.567291
45686	-2.02582	1.18178	2.20184
45686	-2.16698	1.11544	2.25223e-05
45686	-2.14227	1.12673	1.34493
45686	-1.86987	0.79743	1.21586
45686	-1.9066	1.01974	3.93433e-05
45686	-1.89066	0.97147	3.53339
45686	-2.11007	0.883682	10.9261
45686	-2.04532	1.03085	8.66332e-05
45686	-1.95372	0.953119	5.83373e-05
45686	-2.02011	0.91233	20.3421
45686	-1.97832	0.990635	0.000159044
45686	-2.00837	0.971878	5.44743
45686	-2.01243	0.992148	7.84323
45686	-1.99218	0.993159	1.3673
