event	Eta	Phi	pT
195715	-0.5153	2.2246	5.45734
195715	-0.24744	1.75437	2.77355e-05
195715	-0.226419	2.04226	10.3069
195715	-0.44729	1.80253	8.44243
195715	-0.455155	2.05952	5.18419e-05
195715	-0.434683	1.98002	3.4322e-05
195715	-0.390374	1.99132	33.5509
195715	-0.371838	1.91939	0.000115923
195715	-0.380203	1.91579	43.5069
195715	-0.404621	1.89446	0.000200169
195715	-0.413945	1.90503	0.000427069
195715	-0.418668	1.91224	2.47538
195715	-0.414167	1.91108	0.000276539
195715	-0.407347	1.91461	32.9659
