event	Eta	Phi	pT
137037	0.0149941	4.71242	15.706
137037	0.0560433	5.22599	6.49906
137037	0.172661	4.94093	2.53508
137037	-0.0395132	5.11501	4.19502e-05
137037	0.00772901	5.11749	2.45845e-05
137037	0.033777	4.92546	5.65282e-05
137037	-0.0217984	5.0378	9.33802
137037	0.0985859	5.02222	12.3989
137037	0.0142036	5.06153	8.10212e-05
137037	0.0526836	4.96215	3.00029e-05
137037	0.0744774	4.98203	0.000117384
137037	0.0632088	5.04328	2.2388e-05
137037	0.0699665	5.01895	2.57675
137037	0.0647792	5.02763	3.92687
137037	0.0504804	5.00021	3.48477e-05
137037	0.0229307	5.00242	7.09308
137037	0.0326614	5.00624	25.8064
