event	Eta	Phi	pT
194562	0.96723	3.30731	3.58054e-05
194562	1.44515	3.0328	2.92115
194562	1.41755	3.01222	5.94312
194562	1.27007	2.96872	2.12359
194562	1.3542	3.03557	2.08852
194562	1.33462	3.02777	5.26674
194562	1.38372	3.09884	1.7456
194562	1.29507	3.28374	19.6881
194562	1.35375	3.1739	5.58254e-05
194562	1.26851	3.20602	0.000101562
194562	1.25629	3.13331	4.40298e-05
194562	1.24782	3.15766	9.94972e-05
194562	1.25688	3.16591	13.0704
194562	1.20765	3.14176	9.64646
194562	1.18571	3.18805	14.5777
194562	1.21288	3.19263	2.26312
