event	Eta	Phi	pT
20998	-1.96281	1.25163	5.11052
20998	-2.18205	1.9029	1.75489
20998	-2.21485	1.7926	2.90508
20998	-2.16319	1.78751	0.906526
20998	-2.2482	1.34682	0.906055
20998	-2.29587	1.60853	2.51632e-05
20998	-2.30851	1.55477	32.3853
20998	-2.20266	1.53875	6.80504e-05
20998	-2.17097	1.55617	3.95419
20998	-2.16221	1.52757	6.60294e-05
20998	-2.13035	1.59028	0.000136364
20998	-2.13355	1.50443	3.90883e-05
20998	-2.12276	1.5179	0.000119469
20998	-2.02238	1.55751	2.3049e-05
20998	-2.08069	1.56087	2.02876e-05
20998	-2.10656	1.50148	4.73626e-05
20998	-2.05821	1.50984	33.9364
20998	-2.10008	1.62254	4.04372e-05
20998	-2.08365	1.59331	14.3238
