event	Eta	Phi	pT
100114	-0.371381	3.65946	4.66964e-05
100114	-0.284028	3.91575	2.03382
100114	-0.22352	3.9135	2.37249
100114	-0.320698	3.78929	0.000133431
100114	-0.296286	3.80865	0.000172425
100114	-0.339581	3.80535	5.28407
100114	-0.30257	3.85397	1.07874
100114	-0.33478	3.84907	42.1063
100114	-0.239398	3.6821	40.853
100114	-0.242583	3.77938	0.000111301
100114	-0.230289	3.80147	9.58794e-05
100114	-0.228764	3.80098	8.78178
100114	-0.20469	3.75005	0.00010924
100114	-0.219434	3.77339	10.3503
100114	-0.18566	3.78963	60.789
