event	Eta	Phi	pT
46150	-0.229565	6.06069	11.4845
46150	-0.205419	6.12151	2.92684
46150	-0.680363	0.258335	1.39703
46150	-0.643734	0.194926	2.74978
46150	-0.260048	6.20365	2.49557
46150	-0.181499	0.143452	3.95596e-05
46150	-0.400244	6.24312	2.17098e-05
46150	-0.431726	0.0510112	5.56635
46150	-0.304877	0.197135	11.0398
46150	-0.324793	0.0931945	10.8509
46150	-0.315799	0.0973995	13.1802
46150	-0.310336	0.134218	0.000200737
46150	-0.333599	0.140098	0.00021642
46150	-0.350414	0.113904	0.000451526
46150	-0.375854	0.143098	17.4146
46150	-0.38789	0.140828	62.7144
