event	Eta	Phi	pT
106397	-0.485139	4.18409	1.53132
106397	-0.178325	3.98132	3.36548
106397	-0.146951	3.99051	5.57122
106397	-0.248711	4.03607	0.998994
106397	-0.314648	4.09488	2.80268e-05
106397	-0.354404	4.23804	3.33943
106397	-0.12539	4.43037	7.1349
106397	-0.155345	4.11646	4.49038e-05
106397	-0.251597	4.28469	1.24547
106397	-0.18222	4.32792	7.0408
106397	-0.209731	4.21933	2.93407e-05
106397	-0.199812	4.21546	8.8731e-05
106397	-0.191354	4.22097	16.0255
106397	-0.180742	4.29274	2.34296
106397	-0.171297	4.29545	7.62054e-05
106397	-0.147239	4.26695	13.674
