event	Eta	Phi	pT
45413	0.171348	5.74911	1.50375
45413	0.00955935	5.22077	3.46379
45413	-0.0436227	5.65988	2.71473
45413	0.114007	5.5351	2.36836
45413	-0.024898	5.59738	1.13113
45413	-0.173104	5.39476	2.90245
45413	-0.0183853	5.54877	6.20024e-05
45413	-0.12648	5.39615	1.05748
45413	0.0150347	5.40171	3.42817e-05
45413	-0.140051	5.44179	6.63707e-05
45413	-0.111194	5.45654	3.53079
45413	-0.072477	5.41711	5.92775
45413	-0.0713894	5.4582	9.46633
45413	-0.034327	5.45067	0.00023077
45413	-0.0434902	5.45494	38.2136
