event	Eta	Phi	pT
99888	1.00684	1.7676	1.52271
99888	0.830682	1.77417	3.2953
99888	0.641634	1.82937	1.93541
99888	0.632904	1.95414	2.88781e-05
99888	0.821703	2.13427	6.57932e-05
99888	0.827066	2.16532	7.7515e-05
99888	0.836209	2.18789	20.3388
99888	0.681717	2.09196	1.42119
99888	0.680341	2.09736	2.23383
99888	0.674293	2.03537	2.04394e-05
99888	0.724224	2.09754	7.53291
99888	0.783077	2.12854	8.66261e-05
99888	0.714568	2.05251	4.85885
99888	0.811922	2.09704	4.67614
99888	0.744857	2.05171	1.01315
99888	0.753659	2.01766	1.26806
99888	0.801977	2.06918	3.01289
99888	0.805339	2.00693	4.50634e-05
99888	0.811692	2.01969	21.167
