event	Eta	Phi	pT
134877	1.46214	1.70832	1.17039
134877	1.42365	2.21144	0.894301
134877	1.99937	2.11635	2.13854e-05
134877	1.97738	2.01366	1.87516
134877	1.64233	1.80626	12.922
134877	1.86302	1.89397	8.60872
134877	1.59654	2.30375	1.86871
134877	1.61173	2.24377	6.35266
134877	1.84936	1.98254	6.77822e-05
134877	1.67447	2.19443	3.85112e-05
134877	1.64914	2.17585	3.38576
134877	1.67863	1.92883	4.36285e-05
134877	1.78383	2.00782	5.5157
134877	1.72742	2.1308	1.85927
134877	1.62822	2.10503	0.000103765
134877	1.65685	2.07179	0.00014101
134877	1.63273	2.02084	5.02326e-05
134877	1.6896	2.02467	22.2925
134877	1.67595	2.12147	5.09877
134877	1.69349	2.11251	1.79944
