event	Eta	Phi	pT
61694	-0.237798	0.629717	3.78339
61694	0.222057	1.01452	2.53538
61694	-0.0973834	0.902563	5.08602e-05
61694	-0.109358	0.706999	6.2843
61694	0.0387543	0.496675	5.05415
61694	-0.0230068	0.747486	0.845848
61694	0.259638	0.881882	2.47997
61694	0.298012	0.819326	2.9648e-05
61694	0.180746	0.811827	4.17052e-05
61694	0.16571	0.830918	15.7221
61694	0.0686816	0.637502	7.10309
61694	0.26577	0.650752	9.75381
61694	0.143402	0.741595	0.000124313
61694	0.168281	0.637347	2.73852e-05
61694	0.172813	0.68296	4.84488e-05
61694	0.171795	0.69056	17.4107
