event	Eta	Phi	pT
132846	-1.79424	2.77454	1.27865
132846	-1.82197	2.73192	0.942747
132846	-1.71984	2.1044	4.74602
132846	-1.76298	2.20023	1.17818
132846	-1.91998	2.31573	4.62578
132846	-1.90803	2.54357	0.670238
132846	-1.85721	2.58518	0.915956
132846	-1.7013	2.2793	4.26799
132846	-1.76087	2.32547	4.30889e-05
132846	-1.82705	2.40367	3.33856
132846	-1.67652	2.58165	0.871656
132846	-1.75838	2.56407	2.07425e-05
132846	-1.70252	2.5607	4.77353
132846	-1.80188	2.438	1.06959
132846	-1.75953	2.49346	5.96658
132846	-1.76258	2.39967	1.954
132846	-1.74418	2.37863	2.1739
132846	-1.71359	2.36335	1.49746
132846	-1.71595	2.43021	5.66753e-05
132846	-1.66893	2.42416	0.000217294
132846	-1.66856	2.43427	21.669
