event	Eta	Phi	pT
88274	-1.33696	4.88499	3.59739
88274	-1.27302	4.85424	3.07129
88274	-1.07274	4.8271	3.39056
88274	-1.36442	5.16162	2.63348
88274	-1.33083	5.1057	2.54334e-05
88274	-1.25554	5.05549	5.88353
88274	-1.15323	4.98382	1.36213
88274	-1.03292	4.984	6.15448e-05
88274	-1.25463	5.14419	4.13733e-05
88274	-0.98312	5.0814	6.72275
88274	-0.978949	5.13643	4.7698
88274	-1.22205	5.17071	2.169e-05
88274	-1.07224	5.13362	3.37228
88274	-1.06064	5.14652	1.86195
88274	-1.10593	5.13954	2.92762e-05
88274	-1.09368	5.26358	1.51516
88274	-1.12723	5.30202	14.1495
88274	-1.11178	5.20105	8.59497e-05
88274	-1.0606	5.21939	2.52013
88274	-1.07998	5.20553	4.14188
88274	-1.06669	5.20279	1.84264
