event	Eta	Phi	pT
153771	-1.01135	5.22956	2.3207e-05
153771	-1.02734	4.83159	2.27967
153771	-0.807731	5.23275	2.00503
153771	-0.610679	5.0857	16.6457
153771	-0.854341	4.81057	7.52517
153771	-0.661824	4.90784	3.98121e-05
153771	-0.92518	5.08961	8.09661
153771	-0.925532	4.94212	1.25239
153771	-0.831274	4.87297	4.12821e-05
153771	-0.835716	4.91885	26.6875
153771	-0.78765	4.94232	1.57731
153771	-0.854491	4.97215	4.78943e-05
153771	-0.869027	4.9972	2.84615
153771	-0.800581	4.97584	1.52703
153771	-0.81899	4.99279	0.00015086
153771	-0.830555	5.00904	5.62906e-05
153771	-0.83337	5.08981	3.26002e-05
153771	-0.829229	5.01516	4.79518e-05
153771	-0.837185	5.04544	2.43886
153771	-0.819237	5.02017	6.60059e-05
153771	-0.817525	5.07301	6.13963e-05
153771	-0.810352	5.02624	0.000102605
153771	-0.788143	5.02738	0.000131454
153771	-0.785572	5.04859	38.1495
153771	-0.786671	5.06399	12.7694
