event	Eta	Phi	pT
196715	-0.49319	3.41149	4.61664
196715	-0.879221	3.45491	4.74291
196715	-0.723457	3.41518	8.33933
196715	-0.480929	3.67289	6.85039
196715	-0.57874	3.79639	6.88267
196715	-0.546216	3.67799	5.80077e-05
196715	-0.91879	3.61331	5.61418e-05
196715	-0.779052	3.54777	9.16974
196715	-0.727655	3.55549	8.26388e-05
196715	-0.860581	3.65972	2.51676
196715	-0.836755	3.67643	1.55585
196715	-0.802242	3.6241	2.21119
196715	-0.788623	3.64118	2.93419
196715	-0.821915	3.65894	2.6083
196715	-0.81102	3.64787	15.1543
196715	-0.61675	3.7287	3.80918
196715	-0.63922	3.66591	4.96304e-05
196715	-0.729773	3.64221	4.64147e-05
196715	-0.677028	3.74971	0.905813
196715	-0.692011	3.73107	1.84382
196715	-0.725571	3.71525	0.000214307
196715	-0.708912	3.70277	35.4388
