event	Eta	Phi	pT
156476	0.748816	4.53871	2.27903
156476	1.09937	4.2806	2.81466
156476	1.10912	4.11424	3.85825e-05
156476	0.533263	4.20712	1.19841
156476	0.597295	4.20523	1.03112
156476	0.749767	4.02897	4.4313
156476	0.69387	4.03949	1.70717
156476	0.653313	4.21784	7.17536
156476	0.680772	4.09963	5.82175
156476	0.734752	4.15278	0.000185123
156476	0.747675	4.19048	8.17033
156476	0.766564	4.1962	5.95747e-05
156476	0.803584	4.16674	1.92489
156476	0.773572	4.18561	7.79042e-05
156476	0.778194	4.16503	8.30231
156476	0.774226	4.16141	22.3764
