event	Eta	Phi	pT
66483	0.390016	1.70869	1.04378
66483	0.341782	1.68817	2.27733
66483	0.247738	1.68562	6.4164
66483	0.382394	1.77343	1.32959
66483	0.0907702	1.77196	2.96075e-05
66483	0.0722968	1.75861	7.11796
66483	0.201925	1.84364	9.56136e-05
66483	0.248044	1.81116	15.3255
66483	0.00600897	2.03285	3.06484e-05
66483	0.193236	1.88751	4.37291e-05
66483	0.125863	1.95734	8.71603
66483	0.129279	1.99298	1.4335
66483	0.133669	2.06276	3.26839
66483	0.19087	2.00678	0.00028314
66483	0.194385	2.06414	30.0966
