event	Eta	Phi	pT
12904	-2.26849	4.29889	3.41861
12904	-1.99114	3.89077	9.63344
12904	-2.15742	3.99267	2.83538
12904	-2.17242	4.17547	2.52625e-05
12904	-1.83993	4.24022	3.85022e-05
12904	-1.96857	4.24981	2.40281
12904	-1.99764	3.99083	7.98466e-05
12904	-1.90635	4.13817	3.89567
12904	-2.01345	4.01727	0.000181171
12904	-1.97137	4.02031	2.66101e-05
12904	-2.03515	4.12488	5.2177
12904	-2.00817	4.07707	10.6103
12904	-1.99507	4.07502	12.1767
12904	-1.9823	4.12754	3.9621
12904	-1.96632	4.09627	7.18478
12904	-1.97402	4.10613	24.6872
