event	Eta	Phi	pT
4835	0.0992701	1.97631	1.00798
4835	0.0664155	2.62434	6.22682
4835	0.271766	2.47854	2.26317
4835	0.0208427	2.53958	9.02835e-05
4835	-0.0674554	2.17554	4.75804
4835	-0.0165511	2.47763	2.82814e-05
4835	0.0342276	2.4947	4.02445e-05
4835	0.0472663	2.34811	0.000109165
4835	0.133729	2.39077	5.50708
4835	0.121843	2.37279	2.74159
4835	0.0981265	2.36384	3.55418
4835	0.0843863	2.39365	18.6587
4835	0.12217	2.168	2.50549
4835	0.128466	2.30734	4.04373e-05
4835	0.155922	2.27761	1.52778
4835	0.13428	2.20066	2.02463e-05
4835	0.138305	2.2356	10.3687
4835	0.0565833	2.2783	0.000131778
4835	0.0994815	2.26575	0.000102698
4835	0.0866961	2.24803	22.0009
