event	Eta	Phi	pT
72288	-0.306089	1.80154	6.86829
72288	-0.284906	1.95253	2.56602e-05
72288	-0.588766	1.87598	2.40506e-05
72288	-0.305505	1.96011	4.51476e-05
72288	-0.39923	1.85467	6.64838e-05
72288	-0.436351	1.87152	0.000115129
72288	-0.474705	1.87206	1.45043
72288	-0.448817	1.83982	4.01301
72288	-0.442704	1.7957	1.17738
72288	-0.470096	1.8135	10.8208
72288	-0.388109	2.04136	1.67312
72288	-0.340669	1.92726	2.39817
72288	-0.366469	1.99533	1.79205
72288	-0.441963	2.0182	2.40682e-05
72288	-0.501788	1.95005	2.51876
72288	-0.41113	1.88882	4.54077
72288	-0.463639	1.90905	4.36621
72288	-0.432878	1.90979	4.8033
72288	-0.402224	1.9506	1.6177
72288	-0.449471	1.9733	1.95031
72288	-0.443408	1.96011	2.34242
72288	-0.437268	1.95157	3.1231e-05
72288	-0.427482	1.95998	4.80208
