event	Eta	Phi	pT
194741	-2.59711	3.94606	1.00044
194741	-2.10345	3.40416	2.59249
194741	-2.55865	3.39579	2.19605
194741	-2.64088	3.61681	0.921591
194741	-2.10039	3.70991	3.31993
194741	-2.34158	3.8935	1.92529
194741	-2.13827	3.67186	2.15035e-05
194741	-2.31725	3.73994	1.6299
194741	-2.23507	3.73863	7.0532e-05
194741	-2.24908	3.78599	16.7293
194741	-2.23238	3.52088	4.21682
194741	-2.23415	3.66801	2.41532e-05
194741	-2.42712	3.74123	11.4505
194741	-2.29013	3.5278	0.539804
194741	-2.33444	3.68751	0.00012943
194741	-2.29555	3.61514	3.5618e-05
194741	-2.32722	3.62425	8.90094e-05
194741	-2.33016	3.55216	1.14965
194741	-2.39077	3.66964	5.42836e-05
194741	-2.35306	3.60707	1.94376
194741	-2.41243	3.58777	25.4163
