event	Eta	Phi	pT
108384	-1.17537	2.49535	3.30901
108384	-0.813771	2.52426	1.00041
108384	-0.874716	2.61758	11.2646
108384	-1.11477	2.67404	1.92989
108384	-1.12993	3.08319	1.66642
108384	-0.998409	3.07387	1.21092
108384	-1.14702	2.83695	2.38508e-05
108384	-0.840303	2.85981	2.24066e-05
108384	-0.883579	2.78798	3.40122e-05
108384	-0.857094	2.84533	2.22061e-05
108384	-0.873543	2.85594	2.8588
108384	-0.890597	2.93768	6.29382
108384	-1.06514	2.94186	3.23527e-05
108384	-1.03791	2.82312	3.06554e-05
108384	-0.992696	2.81347	2.90394
108384	-1.01741	2.84349	5.50462
108384	-1.00951	2.88169	4.55997
108384	-0.994844	2.88588	2.02791
108384	-0.977481	2.90679	9.0303
