event	Eta	Phi	pT
78326	1.9606	4.86801	0.961804
78326	1.9867	4.92729	1.51331
78326	1.92347	4.95105	0.704278
78326	1.93167	4.97878	3.84834
78326	2.03399	5.36182	1.67636
78326	1.86683	5.47873	3.16455
78326	1.69811	5.39061	6.99655
78326	2.02681	5.22705	1.39777
78326	1.6654	5.15116	5.01974e-05
78326	1.98158	5.17872	0.766142
78326	1.95486	5.29229	1.1991
78326	1.87477	5.13755	8.69145
78326	1.88924	5.18088	4.49679
78326	1.87269	5.16671	5.96876
78326	1.89697	5.23111	0.000118927
78326	1.89002	5.26976	8.7643
78326	1.77177	5.28266	4.07411
78326	1.76408	5.29949	12.7237
78326	1.7942	5.15819	0.694651
78326	1.78163	5.24825	2.96262
78326	1.76636	5.23622	6.8753e-05
78326	1.80602	5.20777	4.02894
78326	1.78716	5.22116	21.1228
