event	Eta	Phi	pT
73330	-0.875965	0.738555	5.10786e-05
73330	-0.787274	0.914651	2.27773
73330	-1.12112	1.30631	2.9977e-05
73330	-0.877608	0.97646	6.93184
73330	-1.15987	1.16654	2.41069
73330	-1.09424	1.01444	2.86125
73330	-1.0382	1.02574	1.8705
73330	-0.951816	1.03556	1.58171
73330	-1.02797	1.18573	3.73389e-05
73330	-0.963646	1.17966	11.9809
73330	-0.940726	1.16109	5.73029
73330	-1.01696	1.07929	3.40844
73330	-1.00083	1.13215	9.40808e-05
73330	-0.987393	1.12116	1.94461
73330	-0.987454	1.11987	22.664
