event	Eta	Phi	pT
188114	-0.449295	2.24364	2.28924e-05
188114	-0.181455	2.16326	2.43437
188114	-0.585764	1.936	3.05723e-05
188114	-0.475502	2.08517	2.01336
188114	-0.519497	2.03024	1.18571
188114	-0.478353	2.04532	2.45997e-05
188114	-0.460405	1.90211	10.8856
188114	-0.282759	2.08372	2.32556e-05
188114	-0.192385	2.00079	1.30035
188114	-0.174225	2.01729	6.48076
188114	-0.276477	1.70766	2.90512
188114	-0.398292	1.79683	3.70542e-05
188114	-0.278217	1.73135	1.50806
188114	-0.301509	2.00403	2.48586e-05
188114	-0.358658	1.85385	4.56895
188114	-0.206324	1.89769	2.83309e-05
188114	-0.224015	1.91787	0.000241383
188114	-0.228739	1.91999	8.77845e-05
188114	-0.250174	1.88155	18.8768
