event	Eta	Phi	pT
71125	-2.01119	0.826073	1.46098
71125	-2.09129	1.045	1.6823
71125	-2.08047	1.16306	0.666018
71125	-1.75097	1.39016	8.802
71125	-1.76128	1.397	1.93532
71125	-1.64475	1.32306	2.43385e-05
71125	-1.50331	1.20561	3.42589e-05
71125	-1.51037	0.952425	3.52208
71125	-1.9767	1.00737	0.728528
71125	-1.96596	1.079	0.593128
71125	-1.78362	0.899526	18.1422
71125	-1.85222	0.943551	3.58479
71125	-1.66723	0.942	1.69012
71125	-1.63811	1.24303	2.9074
71125	-1.73262	1.26455	4.07466
71125	-1.86901	1.1835	5.80349e-05
71125	-1.72036	1.24024	3.11187e-05
71125	-1.69711	1.22009	3.94731e-05
71125	-1.65963	1.1902	2.20763
71125	-1.82252	1.01115	1.75962
71125	-1.77038	1.18469	3.43005e-05
71125	-1.70861	1.16971	3.21306
71125	-1.7965	1.15536	7.24128e-05
71125	-1.7896	1.15843	0.00039965
71125	-1.82238	1.12366	6.51378e-05
71125	-1.75677	1.12225	5.43093e-05
71125	-1.75474	1.09214	43.9886
