event	Eta	Phi	pT
167862	-0.119178	3.20505	3.55192
167862	-0.308597	3.1166	1.53147
167862	-0.202091	2.65289	13.7831
167862	-0.120865	2.92246	2.538e-05
167862	-0.0504433	2.8673	3.9429e-05
167862	-0.0308996	2.94185	9.75577
167862	-0.00811202	3.00367	5.49609
167862	-0.258217	2.97279	1.68391
167862	-0.193457	2.94242	4.08723
167862	-0.127954	2.88817	4.05818
167862	-0.062159	2.81066	7.54212e-05
167862	-0.214324	2.79435	4.72546e-05
167862	-0.120235	2.79815	3.75467
167862	-0.180747	2.79923	7.77356e-05
167862	-0.16515	2.78378	10.5748
