event	Eta	Phi	pT
31019	-1.94694	2.65868	1.40326
31019	-2.03773	2.82738	3.67927e-05
31019	-1.71914	3.1957	1.42268
31019	-1.74502	3.16633	1.07335
31019	-1.63594	3.10177	2.51634e-05
31019	-1.61739	2.83174	1.84113
31019	-1.71989	2.79737	5.03723e-05
31019	-1.67302	2.83234	4.13951
31019	-1.69001	2.82788	0.000257586
31019	-1.69142	2.83902	3.42888
31019	-1.68653	2.84947	4.89904
31019	-1.63319	2.89068	1.24495
31019	-1.67745	2.87126	6.97532
31019	-1.67374	2.87749	2.59212e-05
31019	-1.71923	2.87325	0.000639136
31019	-1.6967	2.88742	4.7253
31019	-1.71488	2.89449	7.3113e-05
31019	-1.72425	2.95675	110.406
