event	Eta	Phi	pT
189197	-2.46738	4.23576	5.911
189197	-2.69654	3.93505	2.17684
189197	-2.02456	3.72809	0.817488
189197	-2.5037	3.58621	1.59564
189197	-2.07679	3.84273	3.91144
189197	-2.38956	3.60135	2.64671e-05
189197	-2.24075	4.10514	1.65923
189197	-2.14374	3.85529	1.47639
189197	-2.51096	4.00911	0.644032
189197	-2.41516	4.04892	1.564
189197	-2.3516	3.93451	2.78659e-05
189197	-2.33355	3.98473	11.1433
189197	-2.50784	3.77354	3.82756
189197	-2.48241	3.86607	8.8484e-05
189197	-2.36535	3.75894	4.59964
189197	-2.4135	3.80239	1.82453
189197	-2.36605	3.83799	14.9176
