event	Eta	Phi	pT
56038	-1.63756	0.675894	3.20307e-05
56038	-2.03242	1.22445	2.13942e-05
56038	-2.00002	1.22918	1.04407
56038	-2.12647	1.14968	2.43374
56038	-2.00792	0.69505	0.935936
56038	-1.97967	0.713844	30.4932
56038	-1.63697	0.914522	1.22492
56038	-2.0643	1.11469	1.20062
56038	-2.03258	1.13061	1.86096
56038	-1.84157	0.775256	6.21313e-05
56038	-1.96152	1.1488	2.09741e-05
56038	-1.97635	0.91273	5.78742e-05
56038	-1.94389	0.87716	0.000184757
56038	-1.96795	0.860016	11.4169
56038	-1.96407	0.8849	3.0198
56038	-1.85878	0.844374	2.99038
56038	-1.88388	0.880438	2.99735
56038	-1.99846	0.997821	1.17541
56038	-1.8683	1.15479	3.93504e-05
56038	-1.81815	0.900206	0.000112363
56038	-1.8029	0.937989	6.45937
56038	-1.93628	1.01054	5.26835
56038	-1.86134	1.03804	27.7122
