event	Eta	Phi	pT
87139	-0.769284	1.57265	1.08346
87139	-0.588566	1.24896	9.5226
87139	-0.351171	1.32455	4.59244
87139	-0.523217	1.44057	6.28832e-05
87139	-0.452652	1.42757	7.04201
87139	-0.433136	1.48792	6.09396e-05
87139	-0.461912	1.49469	4.39363
87139	-0.483978	1.52155	0.000103439
87139	-0.479905	1.51999	7.56772e-05
87139	-0.412888	1.58627	9.80421
87139	-0.42058	1.54902	0.000104578
87139	-0.439362	1.54043	0.00011474
87139	-0.477316	1.59575	6.65692e-05
87139	-0.463018	1.55957	2.64046
87139	-0.459643	1.57656	12.125
