event	Eta	Phi	pT
151985	-0.030697	3.09468	2.20922
151985	-0.57105	2.81468	2.02156e-05
151985	-0.630351	2.91669	2.0299
151985	-0.585228	2.95296	1.39881
151985	-0.319598	3.22109	1.49794
151985	-0.281257	2.9816	4.43137
151985	-0.476729	3.02317	0.979107
151985	-0.387124	3.01458	1.37017
151985	-0.308134	3.01311	1.43193
151985	-0.307198	3.05195	0.000145653
151985	-0.349269	3.03209	0.000285129
151985	-0.340875	3.03449	20.1684
151985	-0.294748	3.1372	8.10876e-05
151985	-0.339541	3.08178	1.17643
151985	-0.413523	3.11406	2.53509
151985	-0.373617	3.11951	34.8867
