event	Eta	Phi	pT
13960	1.00838	2.40772	2.7109
13960	0.911722	2.58708	1.70606
13960	1.1699	2.45882	5.67109
13960	1.19159	2.49751	2.44031e-05
13960	1.47509	2.78818	1.74346
13960	1.01707	2.69796	2.30779e-05
13960	1.23701	2.58587	11.5757
13960	1.25693	2.64852	0.00015364
13960	1.24491	2.63786	8.68844
13960	1.35825	2.94196	5.61062e-05
13960	1.23559	2.99643	2.12068
13960	1.18431	2.66549	1.26029
13960	1.36466	2.8063	1.40537
13960	1.33016	2.80288	4.13631
13960	1.12892	2.7135	3.94486e-05
13960	1.23001	2.71415	6.25217e-05
13960	1.1154	2.81082	5.02943
13960	1.15721	2.88879	2.77554
13960	1.16415	2.74573	4.64269e-05
13960	1.23942	2.74233	5.70664e-05
13960	1.23813	2.76065	3.00268e-05
13960	1.19592	2.81993	2.46298
13960	1.22063	2.81873	20.8468
