event	Eta	Phi	pT
188741	0.442814	3.81438	1.51722
188741	0.179184	4.00091	1.64864
188741	0.209446	3.5144	6.12668
188741	0.119735	3.52835	2.13847e-05
188741	0.253424	3.78136	3.64173e-05
188741	0.226736	3.7855	11.5194
188741	0.138177	3.81286	2.30212
188741	0.197715	3.71698	0.000109359
188741	0.0536699	3.71714	1.44825
188741	0.170175	3.75134	0.000101072
188741	0.151909	3.74471	0.000107994
188741	0.127481	3.65257	4.09881e-05
188741	0.0962794	3.66603	4.65292e-05
188741	0.111804	3.68497	4.77496
188741	0.12564	3.70488	30.6347
