event	Eta	Phi	pT
160325	1.24192	4.22065	3.81498
160325	1.44745	4.36862	14.2855
160325	1.14236	4.94294	4.13652
160325	1.21486	4.88003	9.55756
160325	1.34657	4.35512	9.45157e-05
160325	1.30444	4.81243	2.32963
160325	1.13542	4.80937	6.31186e-05
160325	1.13209	4.79014	18.5864
160325	1.3361	4.43104	7.37912
160325	1.02441	4.40985	1.6161
160325	1.02724	4.52453	5.21753
160325	1.04595	4.60499	5.86717
160325	1.04352	4.58507	7.25536
160325	1.07177	4.47758	1.53016
160325	1.23685	4.63604	2.67009
160325	1.14855	4.53339	7.19852
160325	1.18001	4.55598	1.34357
160325	1.21534	4.55452	0.00019057
160325	1.22036	4.48348	2.7967e-05
160325	1.19778	4.54272	0.000406759
160325	1.20411	4.5143	73.0783
160325	1.12436	4.63858	1.43246
160325	1.19121	4.6378	5.73602
160325	1.17828	4.64308	4.65972
160325	1.15817	4.63369	4.56409e-05
160325	1.16295	4.6135	27.538
