event	Eta	Phi	pT
11029	0.0832815	6.20806	4.85553
11029	-0.043159	0.435855	9.66361
11029	0.212078	0.251668	1.39713
11029	-0.203242	0.18402	0.999683
11029	0.0629088	0.327912	4.11306e-05
11029	-0.027225	0.32423	11.3328
11029	-0.0763237	0.247762	6.77977e-05
11029	-0.0543007	0.0843206	3.21956e-05
11029	0.0446467	0.245591	6.11793e-05
11029	-0.0300836	0.0945973	3.1161e-05
11029	0.0118852	0.22466	6.43666e-05
11029	-0.0392876	0.185138	8.83512
11029	-0.0185711	0.132367	4.02762e-05
11029	0.0113169	0.184356	4.48697
11029	0.0284304	0.150301	4.05796e-05
11029	0.0283257	0.147134	16.7794
