event	Eta	Phi	pT
79066	2.03478	3.00671	1.53343
79066	2.56398	2.7896	0.948628
79066	2.5934	2.85315	5.51554
79066	2.39998	2.73255	0.720841
79066	2.15204	2.91199	1.81253
79066	2.17363	2.98321	11.9813
79066	2.24364	2.8977	2.3929e-05
79066	2.41246	2.85828	6.4127
79066	2.22602	2.96464	0.669227
79066	2.28425	3.05845	7.79303e-05
79066	2.39335	3.11255	2.9365
79066	2.45422	3.04721	8.28026e-05
79066	2.33269	3.07637	1.72929
79066	2.32485	3.05543	1.64943
79066	2.36502	2.95199	0.000121981
79066	2.4172	3.02919	0.958396
79066	2.38858	2.98034	8.01491
79066	2.37606	3.01521	25.4286
