event	Eta	Phi	pT
132158	-1.72683	2.21765	3.56345
132158	-1.98635	2.71044	5.45696e-05
132158	-2.01113	2.64233	1.16732
132158	-1.99988	2.60038	4.70161
132158	-1.982	2.52105	9.23873
132158	-1.96796	2.6425	0.750197
132158	-1.81279	2.81659	4.41572
132158	-1.93741	2.4842	3.63603e-05
132158	-1.91581	2.64162	0.623774
132158	-1.73562	2.75546	4.88978
132158	-1.88125	2.59897	2.33345
132158	-1.86816	2.56518	6.63418e-05
132158	-1.88563	2.55086	5.51954
132158	-1.83673	2.65439	2.90885
132158	-1.731	2.37496	4.44142
132158	-1.72172	2.71194	2.17833e-05
132158	-1.74065	2.65841	3.66374e-05
132158	-1.77511	2.59607	1.01739
132158	-1.80073	2.55505	5.68687e-05
132158	-1.77507	2.56693	7.58168
132158	-1.69141	2.44064	4.62712e-05
132158	-1.60776	2.53564	0.000174107
132158	-1.57093	2.49948	14.9712
132158	-1.62827	2.64224	6.09892
132158	-1.7133	2.51007	0.000148568
132158	-1.62834	2.56958	3.76757e-05
132158	-1.64792	2.58456	3.62386e-05
132158	-1.65429	2.56416	13.9609
