event	Eta	Phi	pT
78916	1.15314	1.15766	2.46894e-05
78916	1.26386	0.721286	5.99578
78916	1.14111	0.954262	7.18093
78916	1.24073	0.846175	5.29769e-05
78916	1.402	0.900327	1.4624
78916	1.35187	1.02169	9.33058
78916	1.38413	0.884623	1.54947
78916	1.34789	0.904411	6.12514
78916	1.25179	0.928988	9.58083
78916	1.3237	0.898637	9.41475e-05
78916	1.28943	0.990139	7.29998e-05
78916	1.27753	0.938036	7.39359
78916	1.33875	0.958591	1.22553
78916	1.2897	0.943391	1.71993
78916	1.31534	0.92965	4.04954
78916	1.31169	0.950396	15.0235
