event	Eta	Phi	pT
125474	2.54724	2.67834	3.03805
125474	2.49588	2.61895	1.24354
125474	2.48203	2.61481	1.28475
125474	2.43862	2.61148	6.82011
125474	2.17306	2.2498	0.896744
125474	2.71875	2.17371	1.2463
125474	2.55353	2.11059	7.59522
125474	2.62636	2.42542	2.88214
125474	2.43242	2.48124	1.21955
125474	2.42696	2.41242	8.93428e-05
125474	2.43874	2.40123	0.000172415
125474	2.42008	2.39413	6.89772
125474	2.42531	2.36751	1.53505
125474	2.43067	2.36402	0.000193192
125474	2.43732	2.37967	11.5168
125474	2.48572	2.36377	1.48537
125474	2.46292	2.35636	3.55804e-05
125474	2.45934	2.33382	2.31929e-05
125474	2.44075	2.33295	5.61636e-05
125474	2.45197	2.27676	60.412
