event	Eta	Phi	pT
64574	-1.76376	2.71496	1.77325
64574	-1.66201	2.63786	2.57066e-05
64574	-1.68266	2.6798	2.26317
64574	-1.6372	2.67558	1.87751
64574	-1.6197	2.68743	3.36175
64574	-1.47407	2.62646	3.84581
64574	-1.82347	2.54853	2.02044
64574	-1.95748	2.3595	0.65184
64574	-1.91403	2.25503	2.01005
64574	-1.86405	2.38969	1.02313
64574	-1.85791	2.3616	2.72368e-05
64574	-1.832	2.32805	5.13959
64574	-1.71442	2.30733	5.10531e-05
64574	-1.6653	2.14832	13.5949
64574	-1.38028	2.38229	1.48595
64574	-1.45668	2.44363	0.945639
64574	-1.46488	2.33317	1.83198
64574	-1.71509	2.41758	1.1912
64574	-1.62878	2.29529	7.46511e-05
64574	-1.64701	2.39145	1.75117
64574	-1.6064	2.32369	1.53277
64574	-1.58186	2.37277	5.22544
