event	Eta	Phi	pT
55806	-0.335391	3.55415	2.85319e-05
55806	-0.512568	3.68243	3.17894
55806	-0.346126	3.60899	7.49546
55806	-0.236643	3.61665	4.70702
55806	-0.385484	3.74056	2.54424e-05
55806	-0.444741	4.0751	1.04173
55806	-0.245241	4.11413	2.48057
55806	-0.463971	3.89387	3.7903e-05
55806	-0.302852	3.79577	9.0374
55806	-0.430835	3.96666	3.80649e-05
55806	-0.224268	3.83337	4.11964e-05
55806	-0.408967	3.93212	1.33431
55806	-0.398836	3.92932	1.48234
55806	-0.344464	3.85945	0.000105193
55806	-0.34159	3.86065	8.35535e-05
55806	-0.339635	3.86409	0.000137984
55806	-0.325741	3.86551	8.03981
55806	-0.347414	3.88795	0.00016692
55806	-0.294882	3.88698	5.75962
55806	-0.222144	3.89939	2.00569e-05
55806	-0.174705	3.99081	4.33221e-05
55806	-0.304049	3.91117	1.87302
55806	-0.302096	4.05597	3.46628e-05
55806	-0.275472	4.04061	6.44598
55806	-0.293469	3.9925	2.08579e-05
55806	-0.267887	3.98084	26.6927
