event	Eta	Phi	pT
189034	1.77978	0.442413	0.910435
189034	1.97385	0.473479	1.45416
189034	1.92275	0.768676	2.50537e-05
189034	1.87777	0.756375	6.24008
189034	1.79272	0.575917	1.72196
189034	1.83589	0.527364	3.09729
189034	2.00622	0.568702	5.2555
189034	1.98245	0.575163	2.28349
189034	1.864	0.690976	0.000176857
189034	1.91096	0.691329	5.28961e-05
189034	1.95541	0.648882	1.01085
189034	1.86066	0.603651	0.000242565
189034	1.89108	0.591508	6.82556
189034	1.91623	0.63865	7.30237e-05
189034	1.89924	0.632406	28.1632
