event	Eta	Phi	pT
91960	0.222001	4.38708	2.89524e-05
91960	0.0906527	4.25259	4.07799
91960	0.178279	4.2683	4.32408
91960	-0.0546876	3.9766	0.952415
91960	0.235554	4.24057	2.22104
91960	0.385747	4.18853	1.06879
91960	0.111996	3.82514	2.37133
91960	0.158355	3.80923	1.69469
91960	0.173847	3.82672	3.04484
91960	0.230201	3.80869	1.62941
91960	0.168463	3.86365	1.74575
91960	0.135347	3.92196	8.00516e-05
91960	0.298064	4.09645	3.87855
91960	0.297586	4.05965	4.34359
91960	0.208298	4.01463	3.61822e-05
91960	0.258325	4.02725	10.4538
91960	0.236738	4.00083	0.000133936
91960	0.227419	3.97646	0.000101554
91960	0.260504	3.94119	22.3111
