event	Eta	Phi	pT
31472	1.2434	3.34883	2.34653e-05
31472	1.33283	3.28813	3.10583e-05
31472	1.48815	3.2476	2.29806
31472	1.21802	3.61684	1.42967
31472	1.25389	3.73232	1.44412
31472	1.807	3.45443	2.15399e-05
31472	1.25516	3.52531	1.36281
31472	1.59136	3.33433	7.26887e-05
31472	1.748	3.72141	2.08406
31472	1.65091	3.41895	2.11027
31472	1.64129	3.43368	6.897
31472	1.63015	3.74004	11.6826
31472	1.66258	3.64893	2.64994
31472	1.54615	3.71376	13.6808
31472	1.54702	3.3837	1.76434
31472	1.43487	3.71603	3.2971e-05
31472	1.58511	3.64922	3.09371
31472	1.33872	3.5551	5.6683
31472	1.5257	3.43908	7.21319
31472	1.57837	3.63362	0.000107589
31472	1.53852	3.64962	0.00018812
31472	1.45076	3.5286	12.6325
31472	1.51389	3.64756	0.000152361
31472	1.50528	3.57459	3.3439e-05
31472	1.49243	3.58647	16.4111
