event	Eta	Phi	pT
443	-2.26911	2.1806	2.3231e-05
443	-2.20932	2.21189	2.66242e-05
443	-2.34179	2.358	3.64029
443	-2.29252	2.31356	4.42221
443	-2.1893	2.70704	0.944114
443	-2.13856	2.32596	4.16432
443	-2.31123	2.61607	0.972474
443	-2.33516	2.51872	3.43107e-05
443	-2.07689	2.3986	2.87215
443	-2.2145	2.62306	2.38917
443	-2.15403	2.42558	0.745906
443	-2.13089	2.43936	5.38857e-05
443	-2.10697	2.50606	3.30589e-05
443	-2.13744	2.4845	11.0125
443	-2.16129	2.4678	7.01848
443	-2.21344	2.47959	0.000146315
443	-2.18945	2.52744	26.8271
