event	Eta	Phi	pT
156372	2.08559	1.01245	3.67101e-05
156372	2.35214	0.926968	0.790172
156372	2.27804	0.951516	3.80019
156372	2.47235	0.985614	3.04968
156372	2.07808	1.46249	1.30512
156372	2.15826	1.06113	3.43197
156372	2.22685	1.08244	3.03797e-05
156372	2.21931	1.07247	6.66562
156372	2.33264	1.0905	2.46604e-05
156372	2.38812	1.11545	2.28027
156372	2.41959	1.33307	9.17089e-05
156372	2.4928	1.29272	22.8508
156372	2.36689	1.24614	5.59673
156372	2.35815	1.30312	8.018e-05
156372	2.33866	1.28957	2.20452
156372	2.35781	1.35119	2.7648
156372	2.30991	1.33472	2.71265
156372	2.24907	1.37568	22.7666
