event	Eta	Phi	pT
98133	-1.03427	6.00267	1.14318
98133	-0.591911	6.22521	2.12274
98133	-0.803619	6.2279	11.36
98133	-0.745875	5.73117	5.42898
98133	-0.831783	5.77904	10.7256
98133	-0.462397	5.94877	3.15425e-05
98133	-0.484024	6.07698	0.872054
98133	-0.677716	5.77278	1.57551
98133	-0.593174	5.80566	1.60421
98133	-0.775977	5.82786	3.00855
98133	-0.541372	6.05757	1.68733
98133	-0.794042	5.85291	7.62549e-05
98133	-0.539329	6.041	3.49486e-05
98133	-0.722593	6.1376	2.01546e-05
98133	-0.628069	6.10085	1.68337
98133	-0.634327	5.92484	6.88004
98133	-0.665427	5.93164	2.19256
98133	-0.628459	6.00324	11.4009
98133	-0.641918	6.05194	0.000108517
98133	-0.679795	6.0822	6.60125
98133	-0.707818	6.07901	6.46934
98133	-0.674191	6.03002	0.000131354
98133	-0.835183	6.03124	3.74481e-05
98133	-0.75273	5.93331	4.16365
98133	-0.798731	6.06418	4.31823e-05
98133	-0.795726	5.96267	4.58859
98133	-0.702471	6.05231	8.84356e-05
98133	-0.719703	5.961	0.000124889
98133	-0.761224	5.95536	4.09277e-05
98133	-0.739186	6.06209	1.36543
98133	-0.759826	5.975	2.22521
98133	-0.744875	6.03529	4.59404
98133	-0.766848	6.02118	0.924796
98133	-0.76814	6.0148	2.29735e-05
98133	-0.752932	6.00709	22.9971
