event	Eta	Phi	pT
11380	-1.85275	5.69779	1.49184
11380	-2.18909	6.1745	0.660779
11380	-1.78522	5.76296	1.1992
11380	-2.0937	5.93402	2.59877
11380	-2.07102	6.26438	1.32624
11380	-1.78941	0.00352142	0.903711
11380	-1.7035	6.23568	9.82058
11380	-2.05102	5.88046	2.26561e-05
11380	-1.84605	5.83707	1.17067
11380	-2.04912	5.98126	4.50504e-05
11380	-2.04045	6.04634	6.53713e-05
11380	-1.98397	5.96943	2.3033
11380	-1.98267	5.96905	3.27777
11380	-1.91205	5.91878	1.05664
11380	-1.77107	5.93762	1.67631
11380	-1.80724	5.91193	2.05584e-05
11380	-1.81377	5.92322	2.90265
11380	-1.94714	6.01093	2.53564e-05
11380	-1.92446	6.15862	3.81451
11380	-1.94199	6.12059	1.61222
11380	-1.71792	6.02482	9.25952e-05
11380	-1.87034	5.99719	0.93953
11380	-1.88629	6.01977	6.35973e-05
11380	-1.79015	6.05272	0.728937
11380	-1.81596	6.06813	4.36453
11380	-1.82669	6.0842	14.65
