event	Eta	Phi	pT
136091	-1.90987	1.26278	8.26254
136091	-2.01188	1.3035	0.645922
136091	-1.85635	1.19318	0.93356
136091	-1.95691	1.21246	0.752886
136091	-1.92533	1.17985	1.26585
136091	-1.83867	0.955073	0.98725
136091	-1.85975	1.06785	1.96663
136091	-1.90481	1.11536	4.06528e-05
136091	-1.94144	1.12606	2.01316
136091	-1.90779	1.04456	2.24964
136091	-1.89871	0.991874	1.50323
136091	-2.09165	1.12485	5.826
136091	-2.31075	0.932699	4.59399
136091	-2.12355	0.779187	0.608605
136091	-2.18938	0.795742	2.89927
136091	-2.23801	0.846945	6.29722e-05
136091	-2.13668	1.00809	3.98842
136091	-2.11957	0.949017	1.57219
136091	-2.12165	0.939177	30.8168
