event	Eta	Phi	pT
2418	0.84245	2.91446	1.52698
2418	0.799165	2.7972	9.68392
2418	0.968191	2.87987	2.71236e-05
2418	1.06923	2.89845	4.58151
2418	1.16727	2.88498	1.12779
2418	1.00714	2.83422	5.47759
2418	0.823324	2.65453	5.32803e-05
2418	1.08692	2.81684	3.80824
2418	1.15938	2.79859	2.82002e-05
2418	1.07188	2.77499	3.69875e-05
2418	1.00568	2.7035	5.27463e-05
2418	1.24578	2.27208	4.50696
2418	1.01323	2.59802	7.18568e-05
2418	1.07712	2.59181	5.55028
2418	1.04259	2.50977	4.05018
2418	1.23142	2.54743	2.71222e-05
2418	1.06921	2.47402	5.79525e-05
2418	1.09328	2.47813	2.89998
2418	1.16985	2.4073	8.33059
2418	1.16973	2.49324	0.000106327
2418	1.17345	2.48597	10.5875
