event	Eta	Phi	pT
117157	1.43182	4.61562	2.59303e-05
117157	1.50508	4.62082	2.51181e-05
117157	1.4992	4.61275	2.74246
117157	1.46665	4.65263	0.975166
117157	1.46488	4.68197	1.03635
117157	1.64446	4.57172	3.90657e-05
117157	1.6738	4.56918	3.18593e-05
117157	1.53889	4.66355	2.88518
117157	1.49724	4.73571	2.37337
117157	1.47598	4.82034	3.31079
117157	1.76166	4.5989	3.13554
117157	1.85019	4.68282	6.11733
117157	1.60626	4.77373	2.37081
117157	1.53819	4.90949	1.29249
117157	1.68161	4.73882	1.8695
117157	1.56829	5.05194	3.30685e-05
117157	1.63778	4.97799	1.38145
117157	1.86298	5.16279	2.92687
117157	1.71538	5.01781	1.60963
117157	1.70236	5.02249	1.38088
117157	1.73901	5.06434	2.79263
117157	1.95495	5.01407	2.1197
117157	1.89497	5.0299	1.10562
117157	1.89488	4.96144	2.26442
117157	1.83907	4.88273	2.85452
117157	1.89783	4.92035	1.05174
117157	1.88252	4.87861	2.19389
117157	1.89381	4.88875	1.46541
