event	Eta	Phi	pT
23341	1.60523	4.43838	1.51492
23341	1.32745	4.96794	1.84297
23341	1.3743	4.4329	2.97109
23341	1.4134	4.5579	2.96022e-05
23341	1.41078	4.7202	4.18573
23341	1.20508	4.59827	1.74184
23341	1.29704	4.58139	2.05714e-05
23341	1.28398	4.59535	2.37854
23341	1.37014	4.69769	1.82486
23341	1.2222	4.63364	1.08958
23341	1.28559	4.64893	0.000300925
23341	1.28053	4.63402	7.57971
23341	1.28993	4.6329	11.2641
23341	1.23359	4.75338	1.79037
23341	1.26207	4.73838	12.9923
23341	1.2851	4.66645	6.47951
23341	1.2923	4.70343	27.1745
