event	Eta	Phi	pT
55890	-0.427176	1.40808	2.0652
55890	-0.494809	1.57932	2.22674e-05
55890	-0.286836	1.61846	3.57665e-05
55890	-0.280253	1.55559	0.000120125
55890	-0.292017	1.556	9.98012
55890	-0.0407144	1.7576	6.48745
55890	-0.21406	1.78492	16.5805
55890	-0.202082	1.55504	3.03408
55890	-0.0763096	1.59204	3.19182
55890	-0.0935601	1.68518	1.26388
55890	-0.109709	1.64362	11.5186
55890	-0.251286	1.61055	6.00281e-05
55890	-0.197296	1.69029	4.76822
55890	-0.227626	1.62071	4.24149e-05
55890	-0.199506	1.66317	5.2761e-05
55890	-0.235246	1.65986	9.08922e-05
55890	-0.216281	1.64737	8.79527
