event	Eta	Phi	pT
23601	-1.18231	0.681585	2.84128e-05
23601	-1.18481	0.686431	2.16703
23601	-1.22531	0.210458	1.25127
23601	-1.19629	0.542822	4.41444e-05
23601	-1.22941	0.306933	2.88036
23601	-1.18314	0.479355	4.69986e-05
23601	-1.26639	0.557195	3.09275e-05
23601	-1.2011	0.381923	3.90657
23601	-1.26634	0.485342	9.6366
23601	-1.27561	0.489463	2.7045e-05
23601	-1.27408	0.491827	7.25244
23601	-1.29131	0.35087	2.03291
23601	-1.36192	0.366547	20.938
23601	-1.36312	0.512855	1.02458
23601	-1.31196	0.416456	0.000278909
23601	-1.34812	0.444487	30.8756
