event	Eta	Phi	pT
42959	-0.796818	4.51985	2.1763
42959	-1.3026	4.31722	2.00005
42959	-0.860312	4.74678	2.82072e-05
42959	-1.14437	4.93825	4.57201e-05
42959	-1.11411	4.86673	2.804e-05
42959	-1.14065	4.8655	1.48346
42959	-1.36232	4.81733	3.38433
42959	-1.24494	4.70267	7.30582e-05
42959	-1.26677	4.72897	1.6207
42959	-1.27089	4.74997	7.6407
42959	-1.31026	4.7739	6.62765e-05
42959	-1.28137	4.78804	25.332
42959	-1.1159	4.81162	2.40034
42959	-1.16752	4.80459	5.33814e-05
42959	-1.2978	4.55919	3.45666e-05
42959	-1.1323	4.76891	4.03784
42959	-1.2924	4.61105	2.53225e-05
42959	-1.20882	4.72464	0.000119975
42959	-1.14451	4.74554	3.61292
42959	-1.1664	4.58028	5.91356e-05
42959	-1.16399	4.59639	1.95852
42959	-1.1538	4.62739	21.5999
42959	-1.08186	4.47932	1.27173
42959	-1.08243	4.61104	7.12932
42959	-1.10016	4.50893	7.64122
42959	-1.05407	4.55821	2.79665
42959	-1.08422	4.52952	5.05792
42959	-1.11757	4.5464	7.55309
42959	-1.11711	4.58863	3.24084
42959	-1.09727	4.56882	12.3829
42959	-1.08318	4.56182	1.47142
