event	Eta	Phi	pT
32773	-2.26648	3.85783	0.740474
32773	-2.64292	3.37843	0.544652
32773	-2.29501	3.73929	3.71474
32773	-2.41133	3.58055	0.960872
32773	-2.38324	3.59075	7.72767e-05
32773	-2.39748	3.61478	6.29957
32773	-2.40639	3.47977	1.60165
32773	-2.37669	3.47349	2.34636
32773	-2.30056	3.5548	2.65778e-05
32773	-2.29989	3.52429	10.1907
32773	-2.30906	3.54374	0.835226
32773	-2.41231	3.2223	4.37045e-05
32773	-2.32617	3.23473	2.86679
32773	-2.28504	3.26086	4.04234e-05
32773	-2.27219	3.38315	4.15878e-05
32773	-2.21016	3.30651	3.78396
32773	-2.18127	3.37789	19.0802
