event	Eta	Phi	pT
6901	-1.77314	3.67216	1.81041
6901	-2.03038	4.27822	1.57882
6901	-1.60819	4.2569	2.45214e-05
6901	-1.78309	4.26284	9.19948
6901	-1.76485	4.22049	3.97373e-05
6901	-1.95735	4.17818	3.41298e-05
6901	-2.01057	3.96286	6.14454
6901	-1.66784	3.96485	0.922322
6901	-1.88655	4.10721	6.00575e-05
6901	-1.85084	3.92199	17.6953
6901	-1.8734	4.09143	6.29291
6901	-1.81844	4.10378	7.29331e-05
6901	-1.75074	4.07459	2.84456
6901	-1.76404	4.06965	8.96514e-05
6901	-1.78207	4.07709	0.000290274
6901	-1.77625	3.97831	8.38333
6901	-1.76505	4.03672	3.13953
6901	-1.78766	4.03934	2.33944e-05
6901	-1.81528	4.02039	55.569
