event	Eta	Phi	pT
8480	-1.64224	2.98938	2.6427
8480	-1.43422	3.04455	5.02877
8480	-1.77839	3.13546	2.08977
8480	-1.4041	3.19655	1.33766
8480	-1.58062	3.16326	4.20691
8480	-1.56198	3.44991	3.92967e-05
8480	-1.6226	3.48516	17.5139
8480	-1.44906	3.48205	0.923818
8480	-1.51734	3.47293	9.2731
8480	-1.43271	3.25581	0.926929
8480	-1.47472	3.41544	1.95214
8480	-1.44852	3.34476	3.23563
8480	-1.55662	3.37953	7.56843e-05
8480	-1.54893	3.39992	2.43855e-05
8480	-1.54901	3.38955	4.66269
8480	-1.58783	3.38276	2.91745
8480	-1.58302	3.36592	0.000137073
8480	-1.59568	3.35957	2.04547
8480	-1.571	3.35953	4.68247e-05
8480	-1.54582	3.36144	2.84888
8480	-1.55283	3.3503	0.000116518
8480	-1.51876	3.31146	8.9854e-05
8480	-1.53033	3.29842	4.65583e-05
8480	-1.54947	3.268	18.6274
