event	Eta	Phi	pT
13974	0.824628	0.232851	5.94038
13974	0.77125	6.24618	3.58692e-05
13974	0.767305	0.0880849	2.22494
13974	0.886585	0.133578	3.00655e-05
13974	0.920154	0.128333	7.60892e-05
13974	0.869411	0.17921	1.89623
13974	0.897271	0.157272	7.61337e-05
13974	0.923198	0.19212	17.2712
13974	0.853696	0.0887455	6.8594e-05
13974	0.893146	0.0912742	4.58082e-05
13974	1.13362	6.25462	2.24208
13974	1.12056	6.23827	1.36863
13974	1.00608	0.024876	2.52514
13974	0.959741	0.03626	0.000150006
13974	0.988097	0.0485012	6.53037
13974	0.981243	0.0711745	5.21713
13974	0.92748	6.27864	3.33521
13974	0.926628	6.22287	1.27506
13974	1.03652	6.28091	2.03913e-05
13974	0.999266	6.22272	19.1209
