event	Eta	Phi	pT
91252	0.820971	1.73497	1.20391
91252	0.788812	1.57464	1.74832
91252	0.72713	1.78438	1.05064
91252	0.682765	1.75705	2.22996e-05
91252	0.272159	1.84968	2.17297
91252	0.39211	1.50032	5.60441
91252	0.380388	1.54838	4.67685
91252	0.468992	1.59439	14.4219
91252	0.415316	1.65117	0.000160739
91252	0.5172	1.76634	2.18486
91252	0.48791	1.70647	8.06039e-05
91252	0.501984	1.72272	5.64116
91252	0.506512	1.73355	1.57597
91252	0.386532	1.66801	0.954063
91252	0.381212	1.68826	4.70416e-05
91252	0.456141	1.7218	3.96712
91252	0.416597	1.73855	15.4015
