event	Eta	Phi	pT
23743	0.716016	1.35024	3.27257
23743	0.528015	1.67943	3.43249
23743	0.574024	1.62336	4.4801
23743	0.0849241	1.38245	2.16671e-05
23743	0.447248	1.64814	2.42565e-05
23743	0.508059	1.597	2.23099e-05
23743	0.543262	1.46521	5.31511e-05
23743	0.402789	1.56988	2.22457
23743	0.458188	1.52268	2.68711
23743	0.381269	1.51833	7.70682
23743	0.175161	1.39112	1.59195
23743	0.449729	1.41287	0.857867
23743	0.39953	1.39776	1.2613
23743	0.332435	1.44189	3.63866e-05
23743	0.371789	1.4024	4.97822
23743	0.342306	1.39031	5.29285e-05
23743	0.316732	1.39961	3.40824
23743	0.298518	1.34553	8.80262
23743	0.293498	1.30599	5.76369
