event	Eta	Phi	pT
180414	1.22758	0.189643	1.58015
180414	1.12623	0.0592246	1.78172
180414	0.705463	0.0141031	2.36792
180414	0.725141	0.153174	4.05268
180414	0.877736	6.1775	2.73496e-05
180414	0.984925	0.22274	1.39973
180414	0.782853	0.139464	1.39098
180414	0.811917	0.155397	1.239
180414	0.932336	0.203195	2.17074
180414	0.877979	0.166058	3.01045
180414	0.916531	6.22026	3.01878
180414	0.873615	0.146382	4.23947e-05
180414	0.998097	0.105767	3.3652
180414	0.905147	0.139102	2.17094
180414	0.850954	0.0946353	1.5216
180414	0.863884	0.0910067	1.2747
180414	0.978867	0.0198752	2.55295
180414	0.959266	0.0652974	2.13582
180414	0.914615	0.0685153	0.000149819
180414	0.917656	0.0291709	15.925
