event	Eta	Phi	pT
24628	-0.814663	6.0581	3.74396
24628	-0.91017	6.13565	2.03701e-05
24628	-0.77665	6.13911	3.78975e-05
24628	-0.759459	0.0340064	2.623e-05
24628	-0.853352	0.033945	3.9189
24628	-0.824808	0.0370753	3.29918e-05
24628	-0.929211	0.167914	1.9943
24628	-0.824439	0.275078	3.5345e-05
24628	-0.905299	0.182158	3.83445
24628	-0.760043	0.0795404	1.99378
24628	-0.800713	0.094691	6.35292
24628	-0.873097	0.163837	2.68354
24628	-0.773889	0.244086	2.92307
24628	-0.819911	0.141535	1.35087
24628	-0.817295	0.208089	0.000118431
24628	-0.803455	0.158302	4.37408
24628	-0.814291	0.185428	0.000168841
24628	-0.790977	0.185136	29.8217
