event	Eta	Phi	pT
46545	2.04442	4.06075	1.05602
46545	2.42419	3.61465	0.819802
46545	1.81525	3.87473	2.96039e-05
46545	1.91129	3.89753	6.70337
46545	2.1794	3.81462	2.83958e-05
46545	1.95926	3.71514	1.7816
46545	2.02431	3.77887	1.14342
46545	2.21258	3.73331	3.54869
46545	2.1551	3.54372	5.47364
46545	2.13956	3.57102	3.50566
46545	2.13758	3.60303	6.70151e-05
46545	2.14551	3.62994	1.70151
46545	2.11919	3.70624	4.55523e-05
46545	2.10849	3.69187	15.6351
46545	1.98998	3.61902	1.20809
46545	2.10732	3.64552	0.000166589
46545	2.06955	3.66563	2.63227
46545	2.05382	3.63334	15.1944
