event	Eta	Phi	pT
151333	-0.379748	2.34386	4.20663
151333	-0.506461	2.40943	5.21154e-05
151333	-0.390713	2.22522	5.71094e-05
151333	-0.618703	2.11005	3.52492
151333	-0.513357	2.11983	4.49904
151333	-0.48946	2.14203	4.29286e-05
151333	-0.626509	2.15395	1.84483
151333	-0.474794	2.1728	5.77176
151333	-0.463969	2.19834	3.17734
151333	-0.566163	2.15674	4.67504e-05
151333	-0.592943	2.37967	4.35189
151333	-0.493339	2.18392	8.57712e-05
151333	-0.527766	2.30116	5.84626
151333	-0.542824	2.28703	13.3067
151333	-0.551395	2.25361	8.59224
151333	-0.566906	2.27418	6.31398
151333	-0.575364	2.24911	3.88653
151333	-0.591067	2.26582	1.46553
151333	-0.583984	2.263	16.3415
