event	Eta	Phi	pT
125852	-1.9951	3.91006	0.76825
125852	-1.60099	3.38384	3.25482
125852	-1.98142	3.81862	0.681695
125852	-1.98236	3.78413	2.19243
125852	-1.67156	3.73149	3.99381
125852	-1.80589	3.76553	6.25232
125852	-1.9906	3.30172	1.70934
125852	-2.03322	3.4874	3.5437
125852	-1.81282	3.36762	2.04331
125852	-1.89056	3.3942	6.76227
125852	-1.73987	3.42685	2.60671
125852	-1.80959	3.40854	0.976388
125852	-1.85307	3.54629	2.76191
125852	-1.88019	3.55568	3.0417
125852	-1.89262	3.57228	7.46738e-05
125852	-1.9088	3.56298	4.18973
125852	-1.76806	3.49942	4.01136e-05
125852	-1.76495	3.69284	3.19465e-05
125852	-1.79905	3.53787	4.43112e-05
125852	-1.80621	3.61015	1.15358
125852	-1.76234	3.61181	9.71525
