event	Eta	Phi	pT
198584	-0.295452	0.290043	2.27939e-05
198584	-0.958965	0.546819	1.33971
198584	-0.753736	0.719528	3.46296e-05
198584	-0.676314	0.697631	6.78847
198584	-0.737651	0.681947	2.67085e-05
198584	-0.792015	0.631428	2.52108
198584	-0.913894	0.428555	0.934205
198584	-0.667982	0.14335	4.77153e-05
198584	-0.76013	0.55388	2.42704
198584	-0.77985	0.462525	4.22082
198584	-0.703012	0.241624	2.20422
198584	-0.634214	0.488608	1.05623
198584	-0.526954	0.444505	0.000150846
198584	-0.534515	0.438984	1.02984
198584	-0.675408	0.403336	3.15152e-05
198584	-0.596923	0.442606	2.42054
198584	-0.565023	0.407741	2.83335
198584	-0.605948	0.363007	28.2719
