event	Eta	Phi	pT
125864	-2.24491	0.869063	0.561362
125864	-2.59586	0.567838	6.09328
125864	-2.49868	0.688202	0.621034
125864	-2.43659	0.423615	4.94515
125864	-2.35426	0.645216	1.2971
125864	-2.28069	0.666874	4.19071
125864	-2.30471	0.646419	7.23847
125864	-2.26726	0.652225	0.966567
125864	-2.3408	0.560697	3.30115
125864	-2.31153	0.551838	2.81316
125864	-2.12736	0.378082	1.47301
125864	-2.30455	0.436766	2.93955
125864	-2.30026	0.499747	2.03381
125864	-2.29397	0.446615	2.52041e-05
125864	-2.25637	0.481446	2.23222e-05
125864	-2.19391	0.476548	38.5233
