event	Eta	Phi	pT
80302	0.410809	0.431472	7.12352
80302	0.205306	0.306981	1.50382
80302	0.684586	6.23933	1.177
80302	0.654933	0.131951	2.38395e-05
80302	0.413822	6.13263	10.246
80302	0.294142	0.209907	4.40926
80302	0.476719	0.214901	3.86365e-05
80302	0.41495	0.217488	3.49118e-05
80302	0.299937	0.0615985	5.14504e-05
80302	0.403475	6.25322	6.29144e-05
80302	0.383406	0.1262	14.1828
80302	0.413819	0.0865132	0.000157944
80302	0.381504	0.0851864	35.0949
80302	0.462546	6.24213	4.50015
80302	0.513577	0.00823354	3.93034
80302	0.4055	0.0379216	0.00029875
80302	0.452832	0.024522	10.155
80302	0.485247	0.0299318	6.35758
80302	0.498848	0.0616367	7.31168e-05
80302	0.464547	0.0693859	37.4475
