event	Eta	Phi	pT
127997	-0.736342	0.753132	2.01813
127997	-0.493127	1.13117	2.0553
127997	-0.423097	1.03759	22.0075
127997	-0.511101	0.9923	3.83143
127997	-0.384497	0.716736	2.11697
127997	-0.334704	0.918625	5.97411e-05
127997	-0.329904	0.83953	13.9822
127997	-0.466125	0.822831	8.52061
127997	-0.462401	0.905411	3.84197e-05
127997	-0.414825	0.799486	4.26907e-05
127997	-0.365427	0.878724	4.37179e-05
127997	-0.424438	0.895644	6.76819e-05
127997	-0.435618	0.842153	5.5047e-05
127997	-0.383614	0.874937	0.00025344
127997	-0.407053	0.877354	8.33448e-05
127997	-0.415655	0.860141	7.49713
127997	-0.407052	0.863283	63.1812
