event	Eta	Phi	pT
11922	1.00145	2.44097	3.56313
11922	0.741153	2.83983	3.69445
11922	1.32675	2.82238	1.22459
11922	1.09175	2.5567	3.23546e-05
11922	1.00891	2.56153	3.96817e-05
11922	1.27693	2.79738	2.51883e-05
11922	1.05874	2.67071	4.43691
11922	0.975007	2.88082	0.992431
11922	1.00146	2.69871	5.36909e-05
11922	1.10459	2.73239	8.35214e-05
11922	1.03909	2.73972	3.78891
11922	1.10935	2.75255	5.22922
11922	1.03312	2.76072	6.2695
11922	1.10831	2.87312	3.98995e-05
11922	1.10356	2.86221	4.31842e-05
11922	1.07528	2.78445	0.000217311
11922	1.05775	2.79036	4.86907
11922	1.07017	2.8293	27.8171
