event	Eta	Phi	pT
132051	1.20508	5.57902	2.86477
132051	1.19002	5.66274	3.84766
132051	1.23877	5.65505	5.7482
132051	0.98924	0.00633855	3.82575
132051	1.2204	5.81839	3.83594e-05
132051	0.979875	6.21029	2.23818
132051	1.23571	5.91536	5.7926e-05
132051	1.06965	6.16897	1.46203
132051	0.980614	6.10577	3.1998e-05
132051	1.0215	5.88815	8.81196
132051	0.868711	6.01475	2.45389e-05
132051	0.967744	6.07172	7.89161e-05
132051	0.957417	5.97604	10.5753
132051	1.28118	5.80847	4.82247
132051	1.37876	5.82227	3.59808
132051	1.35378	0.0111038	4.38195
132051	1.27484	6.00913	3.16473e-05
132051	1.30744	6.01326	2.38288e-05
132051	1.24757	6.17735	1.48601
132051	1.32314	6.14217	12.7325
132051	1.25393	5.93799	3.80753e-05
132051	1.33481	5.92887	6.75642
