event	Eta	Phi	pT
106018	-1.70638	4.45189	9.01514
106018	-1.54827	4.48453	2.82285
106018	-1.39493	4.04015	0.985112
106018	-1.48814	3.98557	4.40499
106018	-1.48096	4.08768	7.50455
106018	-1.61523	4.07741	8.47727
106018	-1.55198	4.27067	2.88078e-05
106018	-1.58078	4.2415	1.73767
106018	-1.60044	4.23201	7.26717
106018	-1.63298	4.14872	6.51645e-05
106018	-1.6037	4.12238	2.27203
106018	-1.54582	4.22872	2.00768e-05
106018	-1.60497	4.1507	5.88064e-05
106018	-1.51658	4.16862	8.45261e-05
106018	-1.56669	4.15649	5.53788
106018	-1.55729	4.18289	6.75983
