event	Eta	Phi	pT
156528	1.11368	5.81236	1.69539
156528	0.890571	5.9248	9.19354
156528	1.11242	0.233393	1.40087
156528	1.31588	0.0641612	2.29959
156528	0.906285	6.07209	5.01506e-05
156528	0.90369	6.20981	2.95898e-05
156528	0.90538	6.22495	1.01621
156528	1.08957	0.0774036	2.29627
156528	0.982309	6.14486	2.73078
156528	1.11616	6.14536	4.21053e-05
156528	1.06389	6.14189	2.02311e-05
156528	1.03515	6.14959	0.000120593
156528	1.01489	6.16078	8.17851e-05
156528	1.07534	6.15311	1.42787
156528	1.06824	6.16874	4.13493
156528	1.04326	6.19665	12.8502
156528	1.05859	0.0318273	4.60858e-05
156528	1.06761	6.26655	0.00020422
156528	1.09655	6.25734	24.3211
156528	1.03852	6.2591	9.16282
156528	1.02747	6.24285	6.97761
