event	Eta	Phi	pT
183910	0.580929	5.06634	1.81911
183910	1.03554	5.06777	4.41831
183910	0.727749	5.06907	2.52075e-05
183910	1.02975	4.61299	5.27118
183910	0.689917	4.62844	5.74288
183910	0.614111	4.92613	2.61761e-05
183910	0.765675	4.61056	2.11857e-05
183910	0.655444	4.71663	2.03391
183910	0.971892	4.6204	2.0082e-05
183910	1.02375	4.97774	1.55123
183910	1.00304	4.69569	5.26893e-05
183910	0.729038	4.78271	4.5506
183910	0.981891	4.72024	2.19032e-05
183910	0.852386	4.71287	4.39089
183910	0.749695	4.86082	2.11939e-05
183910	0.866222	4.74262	3.61386
183910	0.859243	4.75673	1.21766
183910	0.921066	4.75653	5.79687
183910	0.83326	4.90056	8.27765
183910	0.854637	4.85448	4.34434
183910	0.911425	4.9286	5.68601
183910	0.901042	4.85019	1.19405
183910	0.93558	4.87942	8.89331
