event	Eta	Phi	pT
102249	-0.0402165	1.85709	6.82112
102249	-0.0326764	2.35234	3.57623
102249	-0.0653933	1.95201	2.90283
102249	-0.0905531	2.30248	5.50738
102249	-0.0121909	2.26323	9.27888
102249	-0.0772706	2.20355	0.000137298
102249	-0.0683846	2.19767	4.57539e-05
102249	-0.0217235	2.05359	8.41942
102249	0.0337437	2.15126	2.21052
102249	-0.0141456	2.075	4.38962e-05
102249	0.0242591	2.11168	3.05508
102249	-0.00177329	2.08529	6.54543
102249	-0.00371413	2.16786	11.0974
102249	-0.00345142	2.13791	7.04727
102249	-0.0489226	2.10136	0.000172763
102249	-0.0424774	2.13169	0.000124439
102249	-0.0479934	2.13118	3.72913e-05
102249	-0.048767	2.12444	31.0615
