event	Eta	Phi	pT
90087	0.37599	2.47334	7.6364
90087	0.0617807	2.88872	8.08488
90087	0.366863	2.60436	1.61863
90087	0.0941856	2.59377	5.23143e-05
90087	0.11569	2.58772	5.63288
90087	0.109086	2.69086	4.19634e-05
90087	0.25154	2.79133	1.67598
90087	0.205979	2.77773	10.0751
90087	0.223016	2.7265	7.81743e-05
90087	0.22988	2.74263	4.69607
90087	0.265415	2.73863	11.1967
90087	0.269701	2.75398	3.03663
90087	0.136771	2.69816	4.96172e-05
90087	0.178229	2.73788	2.13868
90087	0.146861	2.69547	2.86584
90087	0.221611	2.61726	0.972797
90087	0.232824	2.65236	13.16
90087	0.237942	2.69104	3.41643
90087	0.199936	2.72352	0.000103453
90087	0.186499	2.68481	3.13524
90087	0.198831	2.69063	12.9261
