event	Eta	Phi	pT
142810	-1.10455	3.45971	1.89474
142810	-0.839286	3.2623	4.28026
142810	-1.00714	3.78499	1.62985
142810	-0.848521	3.37291	8.46494e-05
142810	-0.732107	3.37044	1.99629
142810	-0.925769	3.44005	1.7404
142810	-0.71351	3.42302	1.02567
142810	-0.61917	3.51516	4.25111
142810	-0.608895	3.57649	1.15185
142810	-0.745608	3.6153	6.62799e-05
142810	-0.789112	3.63524	2.79582
142810	-0.734286	3.72477	22.3215
142810	-0.781077	3.47634	5.18059e-05
142810	-0.733796	3.5176	3.87345e-05
142810	-0.827755	3.55268	12.196
142810	-0.789386	3.59639	5.53685
