event	Eta	Phi	pT
93616	-1.43356	1.78171	1.10403
93616	-1.24395	1.19381	1.52485
93616	-1.32637	1.16844	7.3029
93616	-1.46325	1.17398	3.69579
93616	-1.52549	1.5506	1.99217
93616	-1.3854	1.58694	7.36577
93616	-1.52195	1.36586	2.70836
93616	-1.40591	1.40642	2.76595e-05
93616	-1.37312	1.30247	8.80121e-05
93616	-1.34772	1.35678	7.27831e-05
93616	-1.39894	1.3562	6.75616
93616	-1.38462	1.33332	2.7043
93616	-1.45787	1.45652	3.64824
93616	-1.39486	1.47056	2.22979
93616	-1.29332	1.40746	3.7682e-05
93616	-1.36906	1.41816	1.50787
93616	-1.37385	1.44903	5.0108e-05
93616	-1.32856	1.46087	9.36806
