event	Eta	Phi	pT
3822	1.21687	4.22108	1.42209
3822	0.880275	4.23024	6.46174
3822	0.960589	4.28428	9.27618
3822	1.03634	4.89847	1.19238
3822	0.893051	4.34765	2.34815e-05
3822	0.928551	4.84671	2.27794e-05
3822	0.892167	4.81116	2.21599
3822	0.919636	4.81231	4.67157
3822	0.978635	4.80563	1.02012
3822	0.944598	4.77895	5.27722
3822	1.09441	4.36105	2.31377
3822	1.05801	4.37628	0.99618
3822	0.973538	4.38626	6.64917e-05
3822	0.978899	4.74215	1.65189
3822	0.951172	4.41547	4.36117
3822	1.02786	4.69829	3.40737e-05
3822	1.02389	4.70511	7.998
3822	0.879239	4.5583	4.19494e-05
3822	1.13556	4.5143	4.1899
3822	1.04849	4.64334	2.27488
3822	1.05992	4.61554	2.77704
3822	1.07151	4.59176	12.091
3822	0.917357	4.5046	2.66094e-05
3822	1.02257	4.47983	1.72597
3822	1.02519	4.60871	0.000126142
3822	0.994477	4.54567	43.7355
