event	Eta	Phi	pT
21934	2.01828	0.609986	3.56315
21934	1.97265	0.446758	1.05427
21934	1.67239	0.413411	11.4564
21934	1.8251	0.478712	3.1207e-05
21934	1.53566	0.647349	5.22939e-05
21934	1.54425	0.561389	10.7319
21934	1.66992	0.581171	3.52621e-05
21934	1.79294	0.699866	2.70801
21934	1.70123	0.648567	9.97719e-05
21934	1.64339	0.68681	6.72961e-05
21934	1.64188	0.75403	9.77718
21934	1.67856	0.798483	7.76111
21934	1.8334	0.563566	1.05366
21934	1.81996	0.607286	2.62684e-05
21934	1.76497	0.623711	0.000132383
21934	1.72656	0.590766	2.89965e-05
21934	1.74672	0.564043	8.49097
