event	Eta	Phi	pT
74022	0.078707	4.4342	1.88457
74022	0.0506268	4.75534	1.18222
74022	0.114927	4.71589	2.52623
74022	0.45194	4.66953	2.19892
74022	0.245643	4.77786	3.98474
74022	0.288726	4.75043	3.85203e-05
74022	0.388267	4.68624	1.86154
74022	0.240497	4.51418	11.967
74022	0.191757	4.65707	4.53985
74022	0.33231	4.69912	3.22502e-05
74022	0.292718	4.69253	6.85363
74022	0.231053	4.63544	5.57473e-05
74022	0.312507	4.65251	1.29189
74022	0.344015	4.61195	3.49433
74022	0.278252	4.53525	7.57344e-05
74022	0.226477	4.5871	0.000104268
74022	0.307263	4.61428	4.98314
74022	0.279237	4.5767	14.986
74022	0.282431	4.6135	2.28556e-05
74022	0.266748	4.61485	6.66557
