event	Eta	Phi	pT
114743	1.23708	0.453022	2.42528
114743	1.33071	0.467518	2.73908
114743	1.34019	0.376744	5.5617
114743	1.43599	6.11861	3.11283
114743	1.43803	6.24061	5.91788
114743	1.32425	6.24707	2.76385
114743	1.47661	0.00692369	8.58724
114743	1.32788	6.27743	1.2425
114743	1.37164	0.0220053	14.9307
114743	1.35661	0.283155	1.80918
114743	1.4447	0.0682609	3.48313e-05
114743	1.46358	0.085536	5.61452e-05
114743	1.47758	0.184303	9.49647
114743	1.46073	0.13689	4.36392
114743	1.22328	0.171211	2.83815e-05
114743	1.42367	0.230095	5.54294e-05
114743	1.35012	0.0634575	4.9054e-05
114743	1.41038	0.101174	8.79136e-05
114743	1.33957	0.240934	3.02065e-05
114743	1.37857	0.109518	4.45164
114743	1.39574	0.13059	0.000138933
114743	1.34405	0.20379	7.84428
114743	1.37435	0.128548	0.000125672
114743	1.37014	0.163242	1.49827
114743	1.36604	0.170739	2.97096e-05
114743	1.35752	0.146815	4.30387e-05
114743	1.33908	0.138967	7.85302e-05
114743	1.33106	0.152503	19.3283
