event	Eta	Phi	pT
12733	0.163641	4.47194	2.26334
12733	0.325805	4.72366	5.22875e-05
12733	0.473722	4.68879	1.25296
12733	0.516301	4.65816	12.8061
12733	0.318136	4.49929	3.23831e-05
12733	0.532162	4.58088	1.19076
12733	0.539986	4.56701	5.57582
12733	0.483005	4.58815	3.30924
12733	0.457094	4.58938	8.32106e-05
12733	0.376775	4.43627	2.25995e-05
12733	0.372694	4.41967	7.27414
12733	0.361107	4.48255	2.38866
12733	0.42977	4.47362	6.91519e-05
12733	0.421604	4.49769	8.27227
12733	0.436446	4.51058	4.08939
12733	0.549749	4.43621	4.37569e-05
12733	0.492895	4.42734	1.92246
12733	0.50049	4.4391	9.63859
12733	0.500591	4.50112	6.98424e-05
12733	0.485523	4.47263	11.7682
12733	0.293761	4.79132	1.72349
12733	0.302527	4.76996	5.36628
