event	Eta	Phi	pT
142205	-0.487763	4.26508	1.17631
142205	-0.125757	4.33527	8.07426
142205	-0.204087	3.95528	6.48496
142205	-0.171163	4.22844	7.31593e-05
142205	-0.172539	4.16385	0.000133742
142205	-0.134333	4.17806	2.46076e-05
142205	-0.126969	4.13275	23.4445
142205	-0.256179	4.04752	6.69513e-05
142205	-0.182446	4.10539	4.50876e-05
142205	-0.174809	4.08869	18.6169
142205	-0.238761	4.15912	2.2579
142205	-0.201999	4.13499	0.000106096
142205	-0.224745	4.09559	0.000109072
142205	-0.23994	4.10844	3.88954
142205	-0.21976	4.11842	16.9539
