event	Eta	Phi	pT
82788	-0.0276472	4.10525	5.91079
82788	-0.302768	4.07474	1.01251
82788	-0.0699699	3.99422	1.90586
82788	-0.183748	3.48671	4.18767e-05
82788	-0.187882	3.8914	0.000114375
82788	-0.173585	3.92474	11.705
82788	-0.0757404	3.54226	2.14586e-05
82788	-0.106737	3.60827	3.09169e-05
82788	-0.227639	3.61301	15.9086
82788	-0.0616252	3.77893	2.20317e-05
82788	-0.0953638	3.67724	8.50228e-05
82788	-0.178975	3.67442	3.55652
82788	-0.140301	3.83848	1.30691
82788	-0.110868	3.78698	5.14252
82788	-0.237717	3.74257	7.81295e-05
82788	-0.162159	3.79105	1.80649
82788	-0.215402	3.73549	2.64872
82788	-0.210865	3.729	5.70373e-05
82788	-0.181561	3.75392	19.4521
