event	Eta	Phi	pT
29096	0.661551	4.96103	1.40811
29096	0.808754	4.26198	3.80047
29096	0.777063	4.89172	2.09148e-05
29096	0.776624	4.8317	3.58589
29096	0.741424	4.79604	3.18883e-05
29096	0.848063	4.66208	1.3327
29096	0.716628	4.76796	2.09611e-05
29096	0.829422	4.61741	2.16669
29096	0.687474	4.63394	4.07313
29096	0.600472	4.62419	7.03163e-05
29096	0.62212	4.59024	2.04111
29096	0.625933	4.54082	2.07461
29096	0.613473	4.54089	0.000124585
29096	0.536071	4.52672	9.70564
29096	0.591085	4.58169	2.63252
29096	0.557225	4.56692	19.6956
29096	0.561671	4.57383	8.43684
29096	0.71531	4.56962	4.52671
29096	0.667067	4.54186	4.26743e-05
29096	0.691779	4.5498	12.2748
