event	Eta	Phi	pT
87507	-0.536976	0.185476	4.13922e-05
87507	-0.458272	0.159082	3.65381
87507	-0.521699	0.375799	7.26405e-05
87507	-0.540408	0.29853	17.7396
87507	-0.323297	0.197902	3.26476
87507	-0.242785	0.40468	3.48877e-05
87507	-0.269615	0.427675	7.33757
87507	-0.460363	0.417877	1.25768
87507	-0.335572	0.248824	4.9923e-05
87507	-0.447212	0.29655	5.85395e-05
87507	-0.423053	0.279089	2.25754
87507	-0.382785	0.295637	7.64453e-05
87507	-0.385676	0.308131	2.94382
87507	-0.402503	0.345009	2.871
87507	-0.401459	0.372867	1.33427
87507	-0.353243	0.366014	11.6953
