event	Eta	Phi	pT
146907	-0.20813	1.53156	7.50497
146907	-0.569695	2.09928	7.52355
146907	-0.426237	1.58978	3.33007
146907	-0.573202	1.92031	3.39173e-05
146907	-0.143268	1.82346	1.48512
146907	-0.478595	1.72085	1.44283
146907	-0.361572	2.02221	5.52582
146907	-0.414009	1.97369	1.60193
146907	-0.207441	1.85171	2.22321e-05
146907	-0.426105	1.94067	5.77718e-05
146907	-0.235438	1.8594	3.78096
146907	-0.354406	1.77141	8.95542
146907	-0.403716	1.93296	4.92465e-05
146907	-0.425706	1.84419	0.000142262
146907	-0.364974	1.89631	9.58746e-05
146907	-0.358669	1.86204	20.6877
