event	Eta	Phi	pT
140204	-2.04668	1.32923	6.32726
140204	-1.9819	0.821149	1.40123
140204	-1.89097	0.939375	1.38088
140204	-1.921	0.955803	7.10191
140204	-2.12053	0.934002	5.58987
140204	-2.06057	1.21713	6.493e-05
140204	-2.09549	1.20147	2.91308
140204	-2.02064	1.17417	3.44655
140204	-1.9808	1.06767	7.76743
140204	-2.04026	1.14069	2.42499
140204	-2.02821	1.11748	0.802869
140204	-2.11071	1.12963	9.21617e-05
140204	-2.05972	1.05554	8.28877e-05
140204	-2.07229	1.08633	18.5009
140204	-2.10172	1.1145	4.23526
140204	-2.11399	1.11173	0.000158282
140204	-2.09983	1.08179	0.000169703
140204	-2.13521	1.05279	39.8782
