event	Eta	Phi	pT
45741	-0.742676	3.44919	2.53363
45741	-0.635739	3.61579	2.39484
45741	-0.955479	4.0418	4.52031
45741	-0.829725	4.00717	4.70251
45741	-1.08905	3.51209	2.34861
45741	-0.840001	3.51446	3.69903
45741	-1.10935	3.7675	4.52421
45741	-0.891724	3.91634	3.25629
45741	-0.916568	3.55143	0.977945
45741	-0.801225	3.61513	2.1103e-05
45741	-0.8706	3.58522	3.99206
45741	-1.07116	3.73296	3.76993e-05
45741	-1.04008	3.64833	3.11731
45741	-0.900755	3.60837	6.13167
45741	-0.917669	3.6094	3.54221
45741	-1.0414	3.8161	3.12585e-05
45741	-1.03029	3.69978	6.71386
45741	-0.904909	3.63039	1.52725
45741	-0.785118	3.76891	4.81308e-05
45741	-0.863518	3.65845	6.10998
45741	-0.800071	3.74526	6.56257e-05
45741	-0.937759	3.67028	7.05063
45741	-0.822708	3.78641	3.02302e-05
45741	-0.851719	3.79397	13.8002
45741	-0.834272	3.78057	2.32359
45741	-0.894797	3.70424	9.59273e-05
45741	-1.00232	3.77808	9.55999e-05
45741	-0.878065	3.75442	7.90048e-05
45741	-0.904708	3.73862	6.34607e-05
45741	-0.909469	3.74754	0.000154904
45741	-0.939628	3.73396	2.77183e-05
45741	-0.941023	3.73098	18.5992
45741	-0.949514	3.79272	16.167
45741	-0.916775	3.7824	1.49777
45741	-0.911162	3.80121	13.7502
