event	Eta	Phi	pT
142031	1.7771	0.496303	1.77621
142031	1.63589	0.58376	1.51844
142031	1.58751	0.685115	7.31234
142031	1.75876	0.676421	2.47482
142031	1.69795	0.693471	7.82904
142031	1.75113	0.706029	3.45788
142031	1.65897	0.718441	6.32242e-05
142031	1.78289	1.00863	1.25485
142031	1.60123	0.758977	9.171e-05
142031	1.61568	0.950526	8.46083
142031	1.70553	0.959839	2.50516e-05
142031	1.67255	0.953133	11.9643
142031	1.69036	0.74362	3.60418e-05
142031	1.75402	0.92253	5.03295e-05
142031	1.727	0.767695	1.88413
142031	1.62794	0.796495	4.48073e-05
142031	1.74512	0.849033	7.19153
142031	1.67687	0.792932	0.000100747
142031	1.7211	0.849119	2.54827
142031	1.68912	0.810031	7.73759e-05
142031	1.66704	0.854675	16.6178
