event	Eta	Phi	pT
4608	-0.484711	6.01957	2.1014
4608	-0.294937	5.53221	2.71463e-05
4608	-0.209524	5.76189	1.60847
4608	-0.398878	5.48124	2.42541e-05
4608	-0.419142	5.51384	7.7346
4608	-0.32529	5.81097	1.90963
4608	-0.426069	5.64155	0.000109024
4608	-0.514581	5.85844	6.18207e-05
4608	-0.489051	5.66171	0.000118942
4608	-0.443419	5.6884	5.2471
4608	-0.496542	5.67441	0.953529
4608	-0.41617	5.79671	2.78518
4608	-0.439917	5.78433	2.32717
4608	-0.484354	5.80944	4.39061
4608	-0.511885	5.79954	18.3375
4608	-0.4491	5.7588	2.75619
4608	-0.465921	5.72033	2.97211
4608	-0.472382	5.72276	0.000129779
4608	-0.493965	5.71527	2.52549
4608	-0.530372	5.74699	2.10078
4608	-0.511792	5.74127	22.647
