event	Eta	Phi	pT
157253	-0.000599977	3.99686	6.10282
157253	-0.084788	4.10215	13.7362
157253	-0.0220529	4.5155	9.118
157253	0.0460782	4.45368	3.81482
157253	-0.0769115	4.38434	3.91646e-05
157253	-0.0259743	4.39267	3.77887
157253	0.0864512	4.36532	3.51763
157253	-0.0400108	4.21088	3.25798e-05
157253	-0.082426	4.30986	2.69629e-05
157253	-0.0287114	4.37641	3.37406e-05
157253	-0.0133415	4.36542	6.68842
157253	0.00897153	4.37037	0.000108883
157253	-0.0462681	4.33165	7.2651e-05
157253	-0.0547749	4.29066	3.07193e-05
157253	-0.000861162	4.345	2.70368
157253	0.0494293	4.33491	5.78955
157253	-0.047861	4.25644	2.65135e-05
157253	0.0561246	4.32374	5.92824e-05
157253	0.00671093	4.32642	5.59896
157253	0.0275142	4.23419	6.55051
157253	-0.00546675	4.27038	4.87919e-05
157253	0.0219233	4.28924	1.16012
157253	0.00945159	4.27888	4.14988
157253	0.0126771	4.27651	39.2672
