event	Eta	Phi	pT
182753	-2.05453	2.43194	0.72472
182753	-1.49578	2.57626	5.44595e-05
182753	-1.5138	2.57922	2.42085
182753	-1.39879	2.25056	1.69691
182753	-1.70888	2.60089	1.88814
182753	-1.68994	2.57148	5.57068
182753	-1.52033	2.34309	3.93892e-05
182753	-1.50273	2.41371	4.12889
182753	-1.65907	2.39795	9.20219e-05
182753	-1.62234	2.47553	2.1117e-05
182753	-1.63759	2.44188	0.000100244
182753	-1.60508	2.42129	9.50947
182753	-1.71053	2.42436	4.71837e-05
182753	-1.78412	2.41012	1.62626
182753	-1.81556	2.34738	4.58435
182753	-1.67236	2.37265	4.26045e-05
182753	-1.75517	2.30856	5.96218e-05
182753	-1.74092	2.31062	6.09346e-05
182753	-1.73162	2.34043	8.6814
182753	-1.95692	2.04041	1.38788
182753	-1.63182	2.09867	1.93876
182753	-1.80751	2.10956	11.7202
182753	-1.72682	2.09493	5.74082
