event	Eta	Phi	pT
88895	1.54556	4.91594	3.90807
88895	1.76703	5.06288	2.61669
88895	1.19044	5.48886	0.974226
88895	1.15873	5.36745	3.44858e-05
88895	1.74737	5.38312	2.74813e-05
88895	1.20528	5.26685	2.59305e-05
88895	1.51278	5.04554	1.94699
88895	1.53271	5.07012	4.952
88895	1.52263	5.11384	4.80217e-05
88895	1.52543	5.36563	3.32714e-05
88895	1.51841	5.33992	2.47703
88895	1.42385	5.30072	0.000168187
88895	1.48111	5.28056	3.75908e-05
88895	1.46774	5.27915	26.713
88895	1.41035	5.41031	9.36704e-05
88895	1.47828	5.43103	15.0285
