event	Eta	Phi	pT
30628	2.53274	1.12829	1.64929
30628	2.6188	1.23935	1.2786
30628	2.09801	1.3164	3.50928
30628	2.15517	1.29337	4.15686e-05
30628	2.298	1.22265	2.31016
30628	2.37564	1.25289	14.9785
30628	2.26144	1.79006	3.17652e-05
30628	2.51539	1.6888	3.73124
30628	2.34015	1.71106	3.85124e-05
30628	2.25777	1.66	6.81921
30628	2.46052	1.35959	0.000126625
30628	2.47355	1.57605	6.14212
30628	2.22742	1.40129	0.524166
30628	2.23954	1.42894	0.81602
30628	2.35292	1.55472	2.95703
30628	2.39278	1.54534	3.64889
30628	2.34099	1.50917	2.81205
30628	2.35895	1.44473	16.4707
