event	Eta	Phi	pT
1964	1.55428	1.86443	3.52967
1964	1.28128	2.39869	1.82477
1964	1.45051	1.90527	5.03084
1964	1.44844	1.93948	2.04933
1964	1.38824	2.14795	11.5821
1964	1.09493	2.23792	2.83442e-05
1964	1.24547	2.2045	7.56894
1964	1.13371	2.17707	4.36837e-05
1964	1.14618	2.14081	10.2145
1964	1.13087	2.09952	3.07185e-05
1964	1.15033	2.05996	6.40436
1964	1.15663	2.08254	4.45285
1964	1.25879	2.1493	2.65028e-05
1964	1.29535	2.0659	5.26536e-05
1964	1.21303	2.04915	6.34428
1964	1.22676	2.11857	0.000104187
1964	1.24494	2.08354	17.065
