event	Eta	Phi	pT
47220	2.19303	0.659382	1.15388
47220	2.44325	0.347382	0.715632
47220	2.41004	0.200531	1.20673
47220	2.30753	0.358645	4.50939
47220	2.19898	0.473747	6.82429e-05
47220	2.17084	0.43448	6.29355
47220	2.00153	0.349921	1.00627
47220	2.04935	0.282441	4.12613e-05
47220	2.06459	0.245055	18.921
47220	2.05464	0.311121	4.49881
47220	2.18896	0.379571	1.23284
47220	2.14699	0.371964	5.48197
47220	2.18354	0.309117	2.85713
47220	2.14812	0.343788	4.97012
47220	2.12923	0.33719	1.93421
47220	2.12066	0.314309	3.80682
47220	2.15033	0.299593	7.6677
47220	2.14022	0.319748	4.69162
