event	Eta	Phi	pT
5924	1.66832	5.1157	4.10692
5924	1.89488	4.64565	5.75268e-05
5924	1.89965	4.88242	3.46365
5924	1.74582	4.62519	7.59704
5924	1.45073	4.70754	3.47978e-05
5924	1.46345	4.89261	2.8934
5924	1.69779	4.96078	3.41201
5924	1.70382	4.66778	3.45498e-05
5924	1.72846	4.90248	3.66467e-05
5924	1.77092	4.75407	0.911924
5924	1.77341	4.77712	5.35329e-05
5924	1.73484	4.80167	12.3402
5924	1.63966	4.87223	2.03461
5924	1.65707	4.84824	6.59497
5924	1.66091	4.78746	0.000139128
5924	1.57779	4.70695	2.459
5924	1.59049	4.86247	9.75035e-05
5924	1.63586	4.79488	3.96592e-05
5924	1.5708	4.7896	15.9963
