event	Eta	Phi	pT
44968	-2.28543	2.59908	2.04055
44968	-2.57876	2.56733	3.53491
44968	-2.62411	2.36612	2.00327
44968	-2.29292	2.4483	4.07392e-05
44968	-2.38228	2.47927	2.976
44968	-2.36314	2.23534	2.68338e-05
44968	-2.49138	2.4052	6.878e-05
44968	-2.50489	2.30344	1.84418
44968	-2.42144	2.26354	2.61317e-05
44968	-2.36544	2.37356	2.0082e-05
44968	-2.37779	2.33167	20.1513
44968	-2.46255	2.35749	6.85698e-05
44968	-2.45075	2.35715	6.53238
44968	-2.42666	2.36669	12.9317
44968	-2.44103	2.34571	1.28298
44968	-2.41787	2.3293	19.4776
