event	Eta	Phi	pT
179800	0.374673	0.55338	4.71276
179800	0.413613	0.623905	1.18042
179800	0.375103	0.649431	1.126
179800	0.484612	0.885367	3.15427
179800	0.45559	0.962201	1.4841
179800	0.246018	1.07944	15.1445
179800	0.369468	0.699043	5.55673e-05
179800	0.312623	0.661571	2.59957e-05
179800	0.304292	0.997055	3.65928
179800	0.354325	0.737065	1.49978
179800	0.251119	0.675465	1.71904
179800	0.128342	0.704473	2.55917
179800	0.151178	0.776769	2.63627e-05
179800	0.116647	0.788547	1.10243
179800	0.125975	0.808832	15.5065
179800	0.233675	0.75706	2.29464
179800	0.311528	0.793988	4.10386
179800	0.29315	0.83937	3.79224e-05
179800	0.15544	0.881968	4.53629e-05
179800	0.251337	0.839127	5.50712
179800	0.18891	0.962986	5.2596e-05
179800	0.159192	0.905495	2.36358e-05
179800	0.206673	0.841033	3.02483e-05
179800	0.194816	0.873462	1.43035
179800	0.227423	0.904592	14.7031
179800	0.246177	0.927571	2.37443
