event	Eta	Phi	pT
156105	-0.0691904	1.41311	2.45342e-05
156105	-0.478002	1.88968	3.01537e-05
156105	-0.325856	1.42538	2.19483
156105	-0.471465	1.5225	14.7254
156105	-0.491873	1.60564	0.000131479
156105	-0.435249	1.78489	2.76315
156105	-0.449806	1.59345	6.25383
156105	-0.394448	1.5565	6.74498e-05
156105	-0.196198	1.67352	2.06443e-05
156105	-0.405096	1.62479	7.79128
156105	-0.409725	1.72271	6.99422e-05
156105	-0.350474	1.76482	7.90982
156105	-0.391232	1.72063	0.915197
156105	-0.308765	1.76226	3.5454
156105	-0.358078	1.71402	5.01197
156105	-0.297185	1.71094	3.9371
156105	-0.35911	1.6121	2.17819e-05
156105	-0.302322	1.69232	8.80907e-05
156105	-0.278723	1.67806	4.761
156105	-0.306677	1.67769	8.74142e-05
156105	-0.305975	1.63522	19.4443
