event	Eta	Phi	pT
65413	0.935715	5.54008	5.39925
65413	0.439064	5.11357	3.17395
65413	0.86086	5.09993	2.05504e-05
65413	0.690981	5.04418	3.91979
65413	0.808647	5.0729	1.05074
65413	0.643116	5.5392	6.28282
65413	0.61719	5.45815	11.0351
65413	0.830089	5.35435	1.16623
65413	0.758853	5.15682	3.43935e-05
65413	0.810201	5.25866	2.13444
65413	0.738382	5.22616	22.0599
65413	0.683013	5.22328	0.00015465
65413	0.66204	5.35697	4.12701e-05
65413	0.678008	5.31679	7.31133e-05
65413	0.668299	5.28861	3.2383e-05
65413	0.662679	5.31232	0.000291364
65413	0.659245	5.30111	33.4077
65413	0.762766	5.30018	5.43704e-05
65413	0.710731	5.2695	6.3404
65413	0.729663	5.29188	7.73558
65413	0.714753	5.28664	0.000106573
65413	0.70567	5.30263	23.0169
