event	Eta	Phi	pT
158418	-1.51343	3.68644	4.67542
158418	-1.86463	4.08536	1.15794
158418	-1.71871	3.80922	2.14035
158418	-1.61344	3.78053	4.81151
158418	-1.50304	3.78912	2.71823
158418	-1.77765	4.20277	0.749166
158418	-1.59297	4.24403	1.17651
158418	-1.55592	3.8788	4.76248e-05
158418	-1.40214	4.09374	1.20885
158418	-1.68539	3.98286	4.8748e-05
158418	-1.47595	4.02522	3.47047e-05
158418	-1.58119	4.00813	0.000106437
158418	-1.56498	4.02213	2.93134e-05
158418	-1.59722	4.04972	9.08747
158418	-1.55652	4.04983	14.1244
158418	-1.57821	4.05976	6.36718
158418	-1.57716	4.0678	6.4632
