event	Eta	Phi	pT
131533	0.844918	4.12019	2.88441e-05
131533	0.962488	3.72044	10.2928
131533	0.86944	3.8907	2.22027e-05
131533	1.32249	3.67574	4.05412
131533	1.55524	3.95056	2.5892e-05
131533	0.902403	3.91518	2.37725
131533	1.00729	3.76459	3.81081e-05
131533	1.12804	4.297	2.03962
131533	1.07656	4.17246	11.8686
131533	1.01181	3.94259	4.47326
131533	1.04458	4.09666	6.11263
131533	1.07114	4.12638	3.05068e-05
131533	1.06461	4.08088	0.000130583
131533	1.12926	3.81862	2.02855e-05
131533	1.3358	3.79026	2.36059
131533	1.09752	3.91569	3.18317
131533	1.12948	4.11985	1.45782
131533	1.23289	3.85789	0.902934
131533	1.32959	3.91079	3.68182e-05
131533	1.31497	4.05027	6.83926
131533	1.24857	3.94509	0.000187555
131533	1.27771	3.99217	64.3786
