event	Eta	Phi	pT
4709	1.74175	5.40013	0.899707
4709	1.30866	5.34155	2.52669e-05
4709	1.1714	5.66756	4.0446
4709	1.22086	5.433	4.31258e-05
4709	1.23929	5.50093	2.05879
4709	1.29965	5.46539	2.35958e-05
4709	1.54311	5.48234	5.15069e-05
4709	1.53081	5.53326	5.80115
4709	1.43965	5.47021	1.42271
4709	1.41235	5.48776	1.62143
4709	1.49042	5.60284	4.67775
4709	1.32804	5.68839	3.92155
4709	1.37811	5.53424	0.000134132
4709	1.43649	5.63937	3.4359e-05
4709	1.40231	5.60282	1.9176
4709	1.386	5.60882	19.4214
4709	1.76892	5.59696	4.47096
4709	1.79932	5.5943	2.35521
