event	Eta	Phi	pT
183147	-0.489833	0.703069	2.36918e-05
183147	-0.398546	0.228795	3.02184
183147	-0.20355	0.188357	7.34088
183147	-0.463507	0.431905	3.88516
183147	-0.00366857	0.360714	7.61221
183147	-0.341613	0.327417	1.07946
183147	-0.35318	0.367861	3.19488
183147	-0.383068	0.412858	4.82459e-05
183147	-0.413255	0.559824	6.8079
183147	-0.367283	0.475735	1.3956
183147	-0.359596	0.487242	0.000100451
183147	-0.321142	0.482701	0.000137243
183147	-0.336535	0.592427	8.49756
183147	-0.185931	0.35819	3.7622e-05
183147	0.0990374	0.560302	0.902468
183147	-0.0312869	0.535238	1.7035
183147	-0.0506625	0.540659	6.04135e-05
183147	-0.0429257	0.534284	11.4498
183147	-0.1854	0.489401	3.00658
183147	-0.192585	0.543988	3.67572
183147	-0.116095	0.56942	0.000153903
183147	-0.143822	0.634341	13.9733
