event	Eta	Phi	pT
111400	1.27922	1.20642	1.91414
111400	1.10436	1.1464	3.86161
111400	1.0445	1.06685	4.97975
111400	1.19619	1.08015	7.36714
111400	1.16991	0.997841	2.35063
111400	1.10831	0.983778	3.64975e-05
111400	1.24734	0.920082	2.37192e-05
111400	1.23806	0.952733	6.10682
111400	1.14848	0.951076	7.18977e-05
111400	1.16816	0.936146	1.2545
111400	1.14168	0.851654	5.55961e-05
111400	1.09028	0.812405	3.55437
111400	1.04762	0.809123	5.75446e-05
111400	1.06179	0.847159	5.24866
111400	1.12713	0.693895	9.34083
111400	1.19955	0.749544	6.46286
